0 158
1 256
2 257
3 256
4 161
5 260
6 161
7 162
8 163
9 164
10 165
11 166
12 166
13 167
14 168
15 169
16 169
17 170
18 171
19 170
20 273
21 171
22 171
23 172
24 279
25 172
26 173
27 176
28 178
29 179
30 180
31 179
32 179
33 284
34 180
35 181
36 291
37 181
38 290
39 182
40 183
41 185
42 185
43 186
44 186
45 185
46 183
47 184
48 298
49 299
50 300
51 297
52 307
53 307
54 182
55 182
56 293
57 288
58 178
59 177
60 178
61 314
62 176
63 175
64 175
65 174
66 321
67 173
68 274
69 169
70 168
71 326
72 167
73 167
74 267
75 268
76 326
77 168
78 166
79 164
80 162
81 261
82 162
83 160
84 160
85 159
86 159
87 158
88 157
89 156
90 156
91 157
92 347
93 345
94 156
95 155
96 155
97 258
98 258
99 339
100 339
101 262
102 164
103 358
104 265
105 267
106 269
107 332
108 270
109 272
110 275
111 171
112 173
113 175
114 315
115 316
116 289
117 181
118 310
119 310
120 181
121 285
122 181
123 183
124 302
125 184
126 183
127 310
128 302
129 185
130 184
131 386
132 374
133 388
134 374
135 312
136 316
137 315
138 177
139 177
140 318
141 322
142 174
143 323
144 170
145 325
146 332
147 328
148 361
149 269
150 325
151 334
152 163
153 263
154 163
155 340
156 342
157 344
158 350
159 351
160 155
161 154
162 417
163 153
164 153
165 353
166 257
167 339
168 159
169 160
170 262
171 264
172 265
173 266
174 328
175 363
176 271
177 365
178 170
179 173
180 174
181 369
182 284
183 287
184 294
185 295
186 382
187 295
188 303
189 186
190 187
191 446
192 187
193 299
194 187
195 188
196 189
197 189
198 188
199 188
200 305
201 456
202 306
203 386
204 442
205 311
206 312
207 288
208 394
209 398
210 324
211 363
212 168
213 329
214 268
215 362
216 167
217 165
218 408
219 336
220 161
221 342
222 343
223 414
224 154
225 419
226 152
227 482
228 151
229 484
230 347
231 258
232 341
233 488
234 424
235 161
236 264
237 332
238 271
239 275
240 276
241 278
242 279
243 173
244 368
245 176
246 315
247 285
248 180
249 286
250 440
251 461
252 386
253 445
254 454
255 454
256 450
257 452
258 190
259 190
260 452
261 510
262 517
263 188
264 297
265 459
266 442
267 291
268 286
269 392
270 177
271 465
272 400
273 493
274 468
275 330
276 328
277 164
278 408
279 161
280 340
281 258
282 344
283 351
284 417
285 482
286 483
287 151
288 150
289 150
290 347
291 157
292 256
293 488
294 355
295 425
296 263
297 164
298 432
299 494
300 366
301 497
302 499
303 499
304 319
305 175
306 176
307 501
308 392
309 289
310 504
311 286
312 287
313 373
314 379
315 379
316 383
317 303
318 386
319 574
320 575
321 386
322 292
323 293
324 566
325 394
326 562
327 320
328 499
329 527
330 401
331 270
332 530
333 330
334 407
335 408
336 536
337 547
338 478
339 539
340 480
341 419
342 153
343 542
344 345
345 593
346 424
347 425
348 337
349 264
350 165
351 328
352 430
353 493
354 495
355 277
356 278
357 173
358 280
359 281
360 319
361 563
362 287
363 287
364 289
365 443
366 574
367 569
368 575
369 296
370 308
371 307
372 576
373 574
374 504
375 619
376 395
377 176
378 585
379 332
380 528
381 469
382 589
383 166
384 165
385 335
386 535
387 477
388 538
389 416
390 417
391 596
392 598
393 152
394 600
395 548
396 339
397 162
398 653
399 552
400 266
401 467
402 635
403 556
404 497
405 322
406 281
407 436
408 617
409 503
410 287
411 384
412 445
413 447
414 386
415 304
416 305
417 447
418 673
419 187
420 297
421 457
422 186
423 461
424 567
425 316
426 634
427 326
428 636
429 639
430 266
431 470
432 472
433 163
434 535
435 411
436 478
437 350
438 418
439 481
440 482
441 650
442 158
443 602
444 163
445 700
446 605
447 268
448 274
449 495
450 495
451 498
452 584
453 321
454 317
455 561
456 502
457 372
458 292
459 294
460 384
461 307
462 291
463 621
464 570
465 720
466 570
467 618
468 566
469 504
470 318
471 583
472 279
473 171
474 682
475 168
476 684
477 165
478 733
479 734
480 640
481 338
482 158
483 423
484 412
485 345
486 597
487 542
488 151
489 482
490 153
491 154
492 155
493 486
494 337
495 409
496 163
497 607
498 753
499 167
500 612
501 321
502 322
503 562
504 394
505 370
506 178
507 718
508 375
509 504
510 763
511 380
512 626
513 308
514 521
515 375
516 579
517 566
518 618
519 525
520 396
521 436
522 585
523 432
524 705
525 325
526 607
527 267
528 640
529 700
530 260
531 691
532 347
533 351
534 349
535 416
536 746
537 351
538 547
539 699
540 700
541 359
542 733
543 554
544 554
545 584
546 561
547 726
548 760
549 761
550 503
551 373
552 679
553 303
554 298
555 450
556 451
557 674
558 673
559 305
560 520
561 381
562 571
563 771
564 314
565 395
566 320
567 321
568 172
569 274
570 588
571 166
572 799
573 468
574 637
575 784
576 534
577 642
578 256
579 348
580 349
581 693
582 417
583 155
584 346
585 698
586 551
587 653
588 796
589 358
590 657
591 326
592 498
593 436
594 822
595 759
596 761
597 316
598 377
599 390
600 570
601 444
602 445
603 628
604 576
605 720
606 182
607 773
608 313
609 820
610 726
611 398
612 613
613 171
614 406
615 330
616 529
617 469
618 733
619 358
620 832
621 690
622 412
623 348
624 546
625 538
626 596
627 747
628 840
629 341
630 355
631 337
632 735
633 589
634 494
635 497
636 277
637 560
638 562
639 501
640 394
641 284
642 807
643 389
644 716
645 186
646 721
647 856
648 574
649 720
650 523
651 619
652 865
653 396
654 558
655 527
656 327
657 607
658 912
659 639
660 875
661 653
662 690
663 739
664 692
665 880
666 881
667 419
668 747
669 794
670 602
671 603
672 654
673 734
674 404
675 167
676 890
677 728
678 367
679 708
680 893
681 177
682 854
683 310
684 676
685 509
686 451
687 452
688 943
689 944
690 945
691 452
692 446
693 300
694 459
695 182
696 581
697 319
698 867
699 398
700 172
701 528
702 912
703 914
704 831
705 336
706 550
707 592
708 413
709 600
710 348
711 416
712 650
713 490
714 409
715 797
716 733
717 362
718 365
719 277
720 848
721 953
722 867
723 435
724 321
725 319
726 502
727 290
728 523
729 441
730 809
731 299
732 518
733 510
734 447
735 517
736 453
737 448
738 385
739 442
740 775
741 822
742 613
743 636
744 608
745 587
746 469
747 916
748 961
749 411
750 740
751 414
752 839
753 479
754 153
755 650
756 842
757 428
758 686
759 331
760 932
761 281
762 801
763 582
764 822
765 616
766 894
767 853
768 863
769 438
770 440
771 625
772 768
773 441
774 767
775 627
776 183
777 462
778 774
779 632
780 727
781 957
782 364
783 432
784 829
785 640
786 533
787 475
788 476
789 643
790 479
791 747
792 791
793 482
794 838
795 156
796 841
797 160
798 701
799 358
800 734
801 430
802 974
803 824
804 662
805 757
806 282
807 895
808 805
809 503
810 524
811 762
812 569
813 716
814 813
815 446
816 574
817 940
818 186
819 188
820 993
821 184
822 679
823 680
824 632
825 821
826 868
827 277
828 433
829 636
830 874
831 1042
832 260
833 341
834 343
835 644
836 923
837 596
838 152
839 151
840 345
841 698
842 491
843 265
844 428
845 405
846 705
847 557
848 980
849 802
850 1063
851 618
852 1107
853 806
854 985
855 184
856 174
857 183
858 188
859 183
860 189
861 185
862 177
863 196
864 188
865 515
866 185
867 187
868 193
869 189
870 181
871 189
872 172
873 182
874 176
875 180
876 189
877 174
878 860
879 442
880 907
881 821
882 997
883 868
884 275
885 271
886 829
887 685
888 875
889 833
890 738
891 536
892 156
893 154
894 152
895 150
896 746
897 646
898 598
899 151
900 792
901 547
902 551
903 426
904 360
905 269
906 366
907 848
908 978
909 1104
910 369
911 804
912 760
913 1023
914 440
915 196
916 179
917 184
918 191
919 188
920 194
921 199
922 198
923 209
924 197
925 191
926 192
927 186
928 174
929 172
930 373
931 176
932 189
933 180
934 176
935 182
936 175
937 1188
938 863
939 288
940 313
941 1137
942 322
943 1139
944 400
945 1141
946 403
947 733
948 783
949 533
950 690
951 786
952 160
953 158
954 1148
955 597
956 694
957 1094
958 792
959 1051
960 159
961 261
962 1159
963 361
964 1162
965 1060
966 708
967 849
968 1166
969 1167
970 502
971 377
972 807
973 183
974 167
975 187
976 206
977 187
978 167
979 138
980 86
981 98
982 138
983 171
984 177
985 183
986 200
987 208
988 202
989 1032
990 189
991 179
992 177
993 184
994 180
995 187
996 390
997 772
998 865
999 1138
1000 728
1001 1200
1002 364
1003 1142
1004 1203
1005 915
1006 689
1007 739
1008 1089
1009 157
1010 791
1011 1152
1012 1154
1013 1095
1014 794
1015 160
1016 843
1017 796
1018 656
1019 270
1020 1220
1021 979
1022 894
1023 1168
1024 178
1025 724
1026 724
1027 766
1028 809
1029 183
1030 201
1031 193
1032 146
1033 76
1034 35
1035 27
1036 8
1037 9
1038 17
1039 15
1040 24
1041 75
1042 147
1043 385
1044 194
1045 187
1046 183
1047 1172
1048 190
1049 185
1050 180
1051 818
1052 578
1053 952
1054 1198
1055 1256
1056 1141
1057 1258
1058 1202
1059 1041
1060 1262
1061 477
1062 836
1063 350
1064 481
1065 597
1066 1154
1067 150
1068 651
1069 426
1070 844
1071 1015
1072 1058
1073 1060
1074 851
1075 371
1076 1280
1077 1281
1078 765
1079 572
1080 627
1081 198
1082 120
1083 38
1084 10
1085 0
1086 5
1087 6
1088 10
1089 1343
1090 9
1091 0
1092 12
1093 89
1094 173
1095 448
1096 182
1097 450
1098 385
1099 376
1100 907
1101 820
1102 1309
1103 867
1104 1311
1105 401
1106 1201
1107 329
1108 1086
1109 1316
1110 256
1111 1008
1112 693
1113 648
1114 152
1115 695
1116 543
1117 601
1118 842
1119 843
1120 164
1121 331
1122 731
1123 273
1124 1163
1125 1223
1126 1278
1127 1331
1128 1331
1129 1109
1130 379
1131 184
1132 188
1133 181
1134 64
1135 0
1136 26
1137 28
1138 20
1139 10
1140 20
1141 6
1142 4
1143 15
1144 13
1145 2
1146 10
1147 32
1148 137
1149 151
1150 163
1151 454
1152 1185
1153 1388
1154 523
1155 630
1156 463
1157 821
1158 1310
1159 824
1160 1257
1161 1362
1162 685
1163 1204
1164 1262
1165 1208
1166 257
1167 1265
1168 480
1169 541
1170 483
1171 544
1172 602
1173 262
1174 751
1175 358
1176 1327
1177 1276
1178 1165
1179 1278
1180 937
1181 1108
1182 439
1183 983
1184 621
1185 206
1186 180
1187 65
1188 10
1189 4
1190 1341
1191 18
1192 4
1193 17
1194 21
1195 11
1196 6
1197 11
1198 12
1199 7
1200 59
1201 76
1202 103
1203 165
1204 189
1205 173
1206 1113
1207 385
1208 521
1209 379
1210 1196
1211 866
1212 1359
1213 704
1214 1039
1215 1314
1216 1419
1217 877
1218 1089
1219 1210
1220 1094
1221 1425
1222 543
1223 149
1224 1054
1225 1260
1226 1015
1227 1379
1228 956
1229 1483
1230 979
1231 896
1232 853
1233 568
1234 578
1235 292
1236 1335
1237 304
1238 188
1239 112
1240 1
1241 1
1242 23
1243 1395
1244 2
1245 14
1246 9
1247 9
1248 15
1249 15
1250 11
1251 11
1252 16
1253 0
1254 8
1255 40
1256 136
1257 193
1258 1074
1259 898
1260 1410
1261 680
1262 710
1263 1255
1264 1469
1265 781
1266 1363
1267 1315
1268 1145
1269 834
1270 1148
1271 1150
1272 148
1273 744
1274 541
1275 1478
1276 1217
1277 264
1278 268
1279 735
1280 429
1281 168
1282 611
1283 280
1284 499
1285 759
1286 1169
1287 1169
1288 313
1289 175
1290 172
1291 294
1292 184
1293 179
1294 185
1295 178
1296 40
1297 19
1298 7
1299 10
1300 5
1301 5
1302 13
1303 10
1304 12
1305 10
1306 14
1307 10
1308 11
1309 19
1310 4
1311 12
1312 5
1313 18
1314 62
1315 191
1316 182
1317 174
1318 190
1319 951
1320 188
1321 178
1322 175
1323 181
1324 1112
1325 371
1326 760
1327 894
1328 727
1329 280
1330 1140
1331 781
1332 267
1333 700
1334 475
1335 411
1336 345
1337 416
1338 1094
1339 544
1340 1529
1341 1426
1342 149
1343 604
1344 606
1345 931
1346 431
1347 273
1348 757
1349 849
1350 894
1351 563
1352 565
1353 1068
1354 571
1355 181
1356 187
1357 179
1358 310
1359 285
1360 183
1361 191
1362 169
1363 22
1364 0
1365 7
1366 19
1367 1555
1368 15
1369 1562
1370 13
1371 0
1372 0
1373 1562
1374 1506
1375 4
1376 4
1377 30
1378 160
1379 184
1380 450
1381 1577
1382 314
1383 1613
1384 179
1385 181
1386 1518
1387 1223
1388 955
1389 611
1390 869
1391 1201
1392 783
1393 1589
1394 1473
1395 922
1396 1594
1397 149
1398 149
1399 544
1400 149
1401 148
1402 148
1403 147
1404 654
1405 1533
1406 1161
1407 554
1408 1379
1409 560
1410 1105
1411 1080
1412 1543
1413 765
1414 579
1415 1613
1416 1130
1417 186
1418 373
1419 192
1420 195
1421 145
1422 1508
1423 14
1424 17
1425 5
1426 1
1427 11
1428 10
1429 2
1430 20
1431 22
1432 20
1433 7
1434 0
1435 17
1436 17
1437 3
1438 6
1439 42
1440 164
1441 189
1442 187
1443 177
1444 455
1445 1436
1446 174
1447 178
1448 173
1449 314
1450 175
1451 613
1452 1017
1453 1644
1454 705
1455 959
1456 1003
1457 642
1458 341
1459 966
1460 1268
1461 1653
1462 1717
1463 1658
1464 147
1465 1480
1466 405
1467 586
1468 1275
1469 934
1470 979
1471 893
1472 1607
1473 503
1474 1025
1475 680
1476 1706
1477 178
1478 191
1479 184
1480 181
1481 192
1482 178
1483 82
1484 1506
1485 1626
1486 9
1487 18
1488 15
1489 20
1490 18
1491 5
1492 0
1493 10
1494 31
1495 60
1496 98
1497 19
1498 11
1499 30
1500 59
1501 110
1502 102
1503 134
1504 1579
1505 184
1506 177
1507 311
1508 177
1509 187
1510 524
1511 1706
1512 848
1513 1139
1514 554
1515 1314
1516 533
1517 474
1518 786
1519 643
1520 1651
1521 484
1522 1777
1523 1478
1524 148
1525 1721
1526 1038
1527 326
1528 890
1529 910
1530 1381
1531 1728
1532 504
1533 1110
1534 571
1535 1032
1536 180
1537 191
1538 293
1539 188
1540 149
1541 15
1542 2
1543 13
1544 3
1545 0
1546 50
1547 72
1548 38
1549 0
1550 16
1551 2
1552 26
1553 83
1554 142
1555 1183
1556 97
1557 51
1558 28
1559 26
1560 36
1561 22
1562 51
1563 90
1564 157
1565 181
1566 1304
1567 633
1568 175
1569 166
1570 288
1571 776
1572 436
1573 998
1574 1723
1575 873
1576 1772
1577 1773
1578 691
1579 1090
1580 1319
1581 1094
1582 543
1583 150
1584 1777
1585 150
1586 1656
1587 1660
1588 1376
1589 269
1590 277
1591 556
1592 615
1593 1727
1594 501
1595 1541
1596 1608
1597 383
1598 522
1599 386
1600 175
1601 186
1602 179
1603 1175
1604 126
1605 1
1606 9
1607 14
1608 5
1609 7
1610 97
1611 123
1612 67
1613 31
1614 1
1615 28
1616 132
1617 188
1618 164
1619 125
1620 86
1621 108
1622 65
1623 50
1624 63
1625 82
1626 90
1627 93
1628 82
1629 128
1630 160
1631 194
1632 177
1633 172
1634 195
1635 1822
1636 1606
1637 560
1638 1769
1639 364
1640 1771
1641 785
1642 1774
1643 1525
1644 1836
1645 1838
1646 1657
1647 1902
1648 147
1649 146
1650 145
1651 1599
1652 328
1653 705
1654 1483
1655 1604
1656 1021
1657 1851
1658 665
1659 1227
1660 680
1661 185
1662 175
1663 187
1664 184
1665 195
1666 188
1667 87
1668 14
1669 16
1670 11
1671 13
1672 12
1673 98
1674 134
1675 92
1676 130
1677 7
1678 56
1679 170
1680 184
1681 109
1682 31
1683 43
1684 104
1685 83
1686 90
1687 97
1688 68
1689 52
1690 55
1691 51
1692 47
1693 73
1694 116
1695 81
1696 93
1697 163
1698 166
1699 176
1700 367
1701 711
1702 633
1703 558
1704 324
1705 1470
1706 1363
1707 359
1708 1207
1709 878
1710 1048
1711 1478
1712 149
1713 147
1714 1902
1715 1658
1716 1905
1717 1532
1718 1844
1719 829
1720 1057
1721 496
1722 1539
1723 1062
1724 370
1725 503
1726 621
1727 950
1728 179
1729 193
1730 185
1731 196
1732 189
1733 192
1734 166
1735 38
1736 8
1737 1445
1738 14
1739 0
1740 70
1741 121
1742 110
1743 124
1744 0
1745 89
1746 170
1747 1129
1748 128
1749 385
1750 100
1751 66
1752 89
1753 85
1754 89
1755 106
1756 115
1757 108
1758 111
1759 135
1760 62
1761 67
1762 839
1763 174
1764 731
1765 282
1766 177
1767 1767
1768 1709
1769 495
1770 1711
1771 164
1772 1774
1773 878
1774 596
1775 1779
1776 148
1777 1654
1778 544
1779 1841
1780 1658
1781 260
1782 1375
1783 733
1784 1846
1785 276
1786 281
1787 975
1788 801
1789 1545
1790 179
1791 175
1792 180
1793 192
1794 180
1795 170
1796 185
1797 182
1798 196
1799 195
1800 183
1801 177
1802 613
1803 463
1804 314
1805 158
1806 112
1807 49
1808 3
1809 21
1810 0
1811 21
1812 19
1813 5
1814 45
1815 130
1816 144
1817 109
1818 92
1819 132
1820 159
1821 170
1822 179
1823 173
1824 195
1825 204
1826 166
1827 41
1828 64
1829 64
1830 149
1831 187
1832 196
1833 185
1834 219
1835 108
1836 39
1837 114
1838 179
1839 189
1840 222
1841 193
1842 180
1843 369
1844 1955
1845 170
1846 172
1847 2024
1848 275
1849 530
1850 784
1851 358
1852 917
1853 1208
1854 413
1855 648
1856 2035
1857 147
1858 1969
1859 1657
1860 2113
1861 146
1862 2117
1863 2037
1864 427
1865 798
1866 1361
1867 496
1868 756
1869 849
1870 1671
1871 172
1872 319
1873 178
1874 187
1875 204
1876 147
1877 88
1878 62
1879 53
1880 44
1881 36
1882 32
1883 36
1884 30
1885 24
1886 24
1887 26
1888 23
1889 14
1890 6
1891 6
1892 30
1893 37
1894 58
1895 30
1896 6
1897 49
1898 85
1899 124
1900 138
1901 146
1902 160
1903 613
1904 160
1905 140
1906 1737
1907 57
1908 42
1909 76
1910 125
1911 76
1912 133
1913 94
1914 115
1915 93
1916 39
1917 129
1918 111
1919 102
1920 121
1921 122
1922 166
1923 177
1924 168
1925 285
1926 731
1927 955
1928 1586
1929 170
1930 2105
1931 533
1932 2107
1933 961
1934 692
1935 1424
1936 2031
1937 1903
1938 1904
1939 2117
1940 1272
1941 360
1942 687
1943 1976
1944 1103
1945 560
1946 184
1947 281
1948 566
1949 862
1950 176
1951 79
1952 1684
1953 7
1954 11
1955 15
1956 10
1957 25
1958 22
1959 1925
1960 8
1961 1561
1962 17
1963 7
1964 81
1965 56
1966 84
1967 83
1968 39
1969 24
1970 35
1971 88
1972 144
1973 142
1974 154
1975 170
1976 160
1977 150
1978 115
1979 60
1980 64
1981 34
1982 38
1983 75
1984 101
1985 48
1986 185
1987 71
1988 70
1989 100
1990 57
1991 128
1992 74
1993 64
1994 101
1995 131
1996 170
1997 188
1998 175
1999 168
2000 499
2001 167
2002 499
2003 1960
2004 1647
2005 2106
2006 335
2007 2189
2008 413
2009 539
2010 1652
2011 1656
2012 2115
2013 2194
2014 146
2015 1480
2016 361
2017 1975
2018 1101
2019 707
2020 663
2021 1190
2022 169
2023 181
2024 191
2025 288
2026 1697
2027 103
2028 31
2029 3
2030 1399
2031 17
2032 29
2033 24
2034 1561
2035 19
2036 20
2037 16
2038 1555
2039 2
2040 9
2041 109
2042 113
2043 95
2044 110
2045 91
2046 52
2047 19
2048 30
2049 96
2050 118
2051 134
2052 148
2053 128
2054 116
2055 113
2056 160
2057 69
2058 62
2059 97
2060 93
2061 85
2062 39
2063 125
2064 47
2065 64
2066 127
2067 113
2068 150
2069 122
2070 105
2071 155
2072 192
2073 171
2074 176
2075 179
2076 164
2077 1918
2078 169
2079 1769
2080 1470
2081 1261
2082 2188
2083 535
2084 692
2085 1592
2086 1149
2087 1901
2088 2268
2089 2117
2090 2270
2091 1055
2092 687
2093 1200
2094 1016
2095 662
2096 1912
2097 182
2098 1793
2099 168
2100 185
2101 191
2102 164
2103 33
2104 4
2105 10
2106 22
2107 8
2108 11
2109 21
2110 8
2111 18
2112 17
2113 16
2114 18
2115 20
2116 1745
2117 1508
2118 98
2119 195
2120 129
2121 108
2122 85
2123 58
2124 1924
2125 43
2126 82
2127 106
2128 123
2129 102
2130 77
2131 116
2132 182
2133 59
2134 37
2135 73
2136 54
2137 39
2138 32
2139 53
2140 35
2141 66
2142 132
2143 99
2144 128
2145 123
2146 122
2147 162
2148 174
2149 147
2150 105
2151 100
2152 144
2153 175
2154 170
2155 159
2156 868
2157 1312
2158 1587
2159 2261
2160 2108
2161 2340
2162 1368
2163 1594
2164 2193
2165 2345
2166 2347
2167 608
2168 2040
2169 612
2170 558
2171 435
2172 802
2173 395
2174 1305
2175 169
2176 186
2177 206
2178 154
2179 66
2180 11
2181 1566
2182 2293
2183 20
2184 28
2185 15
2186 27
2187 20
2188 1558
2189 1506
2190 8
2191 3
2192 2
2193 58
2194 210
2195 167
2196 132
2197 88
2198 64
2199 15
2200 22
2201 7
2202 40
2203 74
2204 111
2205 116
2206 101
2207 152
2208 168
2209 96
2210 47
2211 40
2212 36
2213 26
2214 42
2215 46
2216 60
2217 87
2218 147
2219 99
2220 274
2221 202
2222 225
2223 209
2224 215
2225 108
2226 51
2227 147
2228 195
2229 165
2230 1184
2231 956
2232 1723
2233 2186
2234 427
2235 2416
2236 964
2237 693
2238 1594
2239 150
2240 2420
2241 2117
2242 1260
2243 1722
2244 1645
2245 2425
2246 935
2247 895
2248 180
2249 178
2250 1185
2251 193
2252 158
2253 72
2254 0
2255 22
2256 19
2257 1925
2258 10
2259 13
2260 1562
2261 12
2262 12
2263 1679
2264 20
2265 19
2266 1501
2267 13
2268 20
2269 142
2270 476
2271 126
2272 99
2273 34
2274 17
2275 1
2276 8
2277 39
2278 82
2279 121
2280 154
2281 1698
2282 96
2283 36
2284 18
2285 50
2286 48
2287 55
2288 44
2289 54
2290 68
2291 83
2292 57
2293 123
2294 91
2295 84
2296 85
2297 71
2298 90
2299 20
2300 0
2301 92
2302 931
2303 183
2304 1415
2305 2488
2306 1962
2307 2490
2308 2263
2309 790
2310 2191
2311 2035
2312 2344
2313 2497
2314 1536
2315 364
2316 2424
2317 2501
2318 1605
2319 394
2320 182
2321 179
2322 187
2323 202
2324 160
2325 55
2326 2066
2327 11
2328 1294
2329 15
2330 17
2331 1560
2332 21
2333 15
2334 16
2335 17
2336 2367
2337 15
2338 1560
2339 6
2340 5
2341 74
2342 127
2343 150
2344 143
2345 127
2346 55
2347 12
2348 17
2349 1347
2350 40
2351 93
2352 169
2353 182
2354 172
2355 75
2356 60
2357 46
2358 41
2359 23
2360 51
2361 69
2362 89
2363 83
2364 34
2365 56
2366 111
2367 109
2368 93
2369 121
2370 118
2371 105
2372 99
2373 105
2374 131
2375 174
2376 185
2377 159
2378 2560
2379 468
2380 402
2381 2337
2382 2262
2383 2339
2384 2264
2385 791
2386 1967
2387 2496
2388 146
2389 2422
2390 973
2391 586
2392 272
2393 171
2394 180
2395 165
2396 1762
2397 162
2398 168
2399 1857
2400 170
2401 192
2402 189
2403 132
2404 53
2405 1556
2406 23
2407 2368
2408 1504
2409 14
2410 14
2411 1504
2412 13
2413 2589
2414 16
2415 14
2416 2517
2417 2515
2418 1
2419 56
2420 151
2421 105
2422 80
2423 85
2424 32
2425 1566
2426 4
2427 8
2428 37
2429 185
2430 198
2431 178
2432 168
2433 69
2434 63
2435 22
2436 38
2437 65
2438 56
2439 97
2440 129
2441 65
2442 38
2443 57
2444 44
2445 95
2446 198
2447 172
2448 1035
2449 955
2450 1484
2451 2349
2452 914
2453 1261
2454 701
2455 2263
2456 1265
2457 645
2458 1268
2459 1655
2460 1656
2461 2194
2462 1055
2463 2570
2464 1723
2465 2648
2466 166
2467 186
2468 172
2469 160
2470 1306
2471 171
2472 178
2473 205
2474 171
2475 104
2476 37
2477 1503
2478 1622
2479 16
2480 16
2481 1624
2482 13
2483 2515
2484 14
2485 1453
2486 2515
2487 1504
2488 1624
2489 2210
2490 35
2491 121
2492 98
2493 51
2494 46
2495 22
2496 1
2497 24
2498 1
2499 5
2500 52
2501 149
2502 165
2503 183
2504 193
2505 83
2506 65
2507 71
2508 45
2509 56
2510 55
2511 58
2512 62
2513 70
2514 50
2515 52
2516 51
2517 97
2518 184
2519 1545
2520 2560
2521 1830
2522 403
2523 783
2524 784
2525 917
2526 261
2527 2109
2528 414
2529 481
2530 1838
2531 1653
2532 2115
2533 1905
2534 145
2535 144
2536 144
2537 1273
2538 404
2539 958
2540 1275
2541 168
2542 183
2543 633
2544 185
2545 173
2546 170
2547 199
2548 164
2549 84
2550 1626
2551 12
2552 13
2553 2210
2554 2737
2555 1927
2556 2807
2557 1927
2558 1506
2559 14
2560 19
2561 21
2562 1745
2563 6
2564 27
2565 9
2566 92
2567 92
2568 22
2569 11
2570 18
2571 25
2572 0
2573 1
2574 2
2575 0
2576 101
2577 208
2578 180
2579 185
2580 139
2581 54
2582 34
2583 44
2584 66
2585 41
2586 27
2587 53
2588 69
2589 17
2590 20
2591 1449
2592 107
2593 827
2594 401
2595 637
2596 1975
2597 330
2598 734
2599 1042
2600 1043
2601 2639
2602 2784
2603 1322
2604 1841
2605 2267
2606 1904
2607 145
2608 2790
2609 144
2610 970
2611 1014
2612 2778
2613 1722
2614 176
2615 165
2616 178
2617 184
2618 170
2619 178
2620 183
2621 159
2622 59
2623 15
2624 0
2625 19
2626 26
2627 5
2628 2
2629 21
2630 14
2631 2813
2632 1506
2633 2517
2634 16
2635 2808
2636 2455
2637 25
2638 23
2639 2068
2640 24
2641 0
2642 84
2643 87
2644 12
2645 6
2646 20
2647 2364
2648 24
2649 8
2650 0
2651 35
2652 135
2653 146
2654 180
2655 202
2656 144
2657 80
2658 87
2659 89
2660 86
2661 126
2662 131
2663 118
2664 2511
2665 7
2666 4
2667 103
2668 186
2669 1586
2670 402
2671 554
2672 912
2673 2778
2674 831
2675 1649
2676 2109
2677 2712
2678 418
2679 1837
2680 2715
2681 1971
2682 146
2683 1843
2684 1481
2685 531
2686 326
2687 173
2688 166
2689 275
2690 176
2691 192
2692 146
2693 50
2694 6
2695 19
2696 24
2697 14
2698 2209
2699 1558
2700 2886
2701 12
2702 1506
2703 2958
2704 17
2705 2891
2706 1686
2707 19
2708 2211
2709 13
2710 1
2711 86
2712 74
2713 15
2714 18
2715 19
2716 22
2717 4
2718 19
2719 71
2720 127
2721 118
2722 140
2723 108
2724 194
2725 133
2726 138
2727 112
2728 134
2729 110
2730 115
2731 145
2732 152
2733 147
2734 50
2735 47
2736 1755
2737 143
2738 155
2739 495
2740 799
2741 1312
2742 2273
2743 1831
2744 701
2745 534
2746 2932
2747 595
2748 2714
2749 2860
2750 2937
2751 2037
2752 655
2753 266
2754 888
2755 362
2756 2409
2757 182
2758 193
2759 134
2760 45
2761 4
2762 1686
2763 18
2764 1453
2765 19
2766 17
2767 1862
2768 2887
2769 2888
2770 2671
2771 1453
2772 2589
2773 2740
2774 1863
2775 9
2776 72
2777 50
2778 2291
2779 15
2780 8
2781 45
2782 103
2783 89
2784 2991
2785 85
2786 85
2787 129
2788 42
2789 45
2790 65
2791 210
2792 234
2793 226
2794 228
2795 227
2796 178
2797 30
2798 1508
2799 61
2800 173
2801 179
2802 402
2803 753
2804 2853
2805 1086
2806 874
2807 1773
2808 2782
2809 594
2810 155
2811 2785
2812 2936
2813 1971
2814 2863
2815 2791
2816 356
2817 970
2818 428
2819 2347
2820 268
2821 170
2822 937
2823 180
2824 141
2825 45
2826 0
2827 20
2828 26
2829 8
2830 6
2831 23
2832 30
2833 19
2834 13
2835 18
2836 2665
2837 2811
2838 2517
2839 3094
2840 2739
2841 3092
2842 1454
2843 11
2844 39
2845 2213
2846 9
2847 16
2848 31
2849 106
2850 82
2851 2
2852 1505
2853 40
2854 149
2855 125
2856 120
2857 105
2858 101
2859 217
2860 227
2861 234
2862 251
2863 206
2864 183
2865 49
2866 65
2867 58
2868 99
2869 2254
2870 754
2871 782
2872 2779
2873 971
2874 2855
2875 1217
2876 2783
2877 351
2878 3067
2879 3005
2880 3069
2881 2864
2882 356
2883 1159
2884 1099
2885 797
2886 268
2887 2703
2888 183
2889 135
2890 47
2891 12
2892 21
2893 3022
2894 2951
2895 2521
2896 16
2897 19
2898 2963
2899 2956
2900 2672
2901 1927
2902 1924
2903 1691
2904 2590
2905 19
2906 2363
2907 9
2908 10
2909 10
2910 2896
2911 23
2912 114
2913 71
2914 2555
2915 23
2916 5
2917 19
2918 148
2919 184
2920 2875
2921 220
2922 238
2923 205
2924 246
2925 245
2926 1885
2927 27
2928 21
2929 35
2930 110
2931 186
2932 362
2933 467
2934 586
2935 3127
2936 2929
2937 1832
2938 3001
2939 1090
2940 3003
2941 2935
2942 3005
2943 2194
2944 3072
2945 552
2946 2347
2947 640
2948 165
2949 1537
2950 165
2951 193
2952 135
2953 41
2954 3
2955 14
2956 25
2957 2969
2958 2367
2959 2368
2960 2736
2961 1505
2962 2958
2963 3218
2964 2741
2965 2956
2966 10
2967 9
2968 13
2969 3102
2970 18
2971 2
2972 3
2973 20
2974 115
2975 74
2976 2811
2977 2436
2978 10
2979 97
2980 179
2981 172
2982 187
2983 232
2984 232
2985 223
2986 235
2987 202
2988 131
2989 116
2990 7
2991 8
2992 16
2993 2075
2994 172
2995 329
2996 1431
2997 407
2998 2854
2999 1832
3000 162
3001 159
3002 606
3003 1053
3004 165
3005 158
3006 2028
3007 1090
3008 2934
3009 2567
3010 2788
3011 144
3012 143
3013 142
3014 142
3015 3200
3016 427
3017 360
3018 3203
3019 1537
3020 183
3021 141
3022 68
3023 19
3024 12
3025 2367
3026 1452
3027 3156
3028 2665
3029 2671
3030 3094
3031 2812
3032 2811
3033 2515
3034 2813
3035 10
3036 2065
3037 3222
3038 3107
3039 123
3040 78
3041 1619
3042 13
3043 17
3044 1622
3045 1
3046 46
3047 184
3048 194
3049 179
3050 2051
3051 237
3052 240
3053 148
3054 131
3055 57
3056 1627
3057 92
3058 170
3059 187
3060 752
3061 1041
3062 266
3063 533
3064 1086
3065 1832
3066 3250
3067 166
3068 163
3069 156
3070 160
3071 472
3072 1898
3073 3263
3074 1424
3075 3265
3076 2862
3077 3267
3078 142
3079 141
3080 3271
3081 3141
3082 3274
3083 171
3084 182
3085 78
3086 1502
3087 1743
3088 1344
3089 3219
3090 2958
3091 3095
3092 3284
3093 2593
3094 2738
3095 2738
3096 2957
3097 1684
3098 3171
3099 1557
3100 101
3101 78
3102 2284
3103 1453
3104 2363
3105 10
3106 7
3107 17
3108 143
3109 149
3110 138
3111 126
3112 146
3113 214
3114 231
3115 155
3116 65
3117 3
3118 18
3119 64
3120 159
3121 1190
3122 159
3123 472
3124 2718
3125 335
3126 1041
3127 3193
3128 341
3129 260
3130 1209
3131 345
3132 877
3133 1090
3134 157
3135 3264
3136 2861
3137 2862
3138 3268
3139 141
3140 3335
3141 842
3142 3272
3143 3009
3144 265
3145 1537
3146 139
3147 33
3148 2880
3149 14
3150 2363
3151 2669
3152 2886
3153 11
3154 9
3155 8
3156 2209
3157 1453
3158 2807
3159 2665
3160 1399
3161 3350
3162 2517
3163 2888
3164 2366
3165 14
3166 88
3167 83
3168 7
3169 1554
3170 26
3171 11
3172 1
3173 4
3174 5
3175 12
3176 9
3177 20
3178 25
3179 45
3180 48
3181 33
3182 53
3183 71
3184 42
3185 2921
3186 39
3187 149
3188 178
3189 159
3190 2653
3191 639
3192 605
3193 736
3194 359
3195 2710
3196 3256
3197 476
3198 161
3199 165
3200 161
3201 158
3202 410
3203 787
3204 345
3205 3391
3206 2788
3207 2790
3208 3394
3209 3396
3210 1429
3211 3398
3212 915
3213 3204
3214 171
3215 82
3216 6
3217 9
3218 25
3219 2209
3220 2735
3221 2735
3222 3408
3223 3410
3224 1554
3225 1563
3226 3413
3227 3287
3228 3418
3229 2958
3230 28
3231 1628
3232 100
3233 89
3234 2884
3235 18
3236 2950
3237 1563
3238 14
3239 1631
3240 3
3241 23
3242 12
3243 34
3244 36
3245 2921
3246 1346
3247 17
3248 25
3249 18
3250 153
3251 183
3252 163
3253 2801
3254 590
3255 265
3256 408
3257 875
3258 1589
3259 653
3260 335
3261 1656
3262 1208
3263 154
3264 166
3265 423
3266 1835
3267 1148
3268 3330
3269 3392
3270 1905
3271 3464
3272 3336
3273 3202
3274 3400
3275 171
3276 69
3277 0
3278 6
3279 15
3280 5
3281 20
3282 2211
3283 3345
3284 3539
3285 2958
3286 2956
3287 3218
3288 12
3289 2
3290 18
3291 68
3292 117
3293 19
3294 6
3295 3091
3296 3164
3297 1926
3298 16
3299 7
3300 2064
3301 103
3302 18
3303 1805
3304 3409
3305 13
3306 22
3307 18
3308 18
3309 3
3310 100
3311 3187
3312 184
3313 158
3314 3510
3315 1205
3316 3000
3317 654
3318 3456
3319 162
3320 155
3321 164
3322 2202
3323 150
3324 155
3325 488
3326 692
3327 2713
3328 1150
3329 2267
3330 3462
3331 3268
3332 3270
3333 3397
3334 3337
3335 3530
3336 112
3337 1797
3338 1292
3339 2068
3340 2808
3341 3283
3342 3284
3343 3351
3344 1506
3345 3164
3346 3542
3347 1563
3348 2517
3349 8
3350 67
3351 120
3352 1294
3353 19
3354 2
3355 1
3356 21
3357 1293
3358 6
3359 2209
3360 5
3361 40
3362 130
3363 30
3364 3373
3365 2520
3366 7
3367 6
3368 2
3369 4
3370 11
3371 43
3372 158
3373 755
3374 157
3375 736
3376 427
3377 689
3378 3451
3379 475
3380 157
3381 164
3382 160
3383 177
3384 209
3385 193
3386 919
3387 3065
3388 3461
3389 2032
3390 2716
3391 1905
3392 3267
3393 3528
3394 3273
3395 3530
3396 162
3397 39
3398 3282
3399 1340
3400 24
3401 3563
3402 3159
3403 3216
3404 2735
3405 1624
3406 3352
3407 10
3408 3661
3409 1683
3410 2741
3411 60
3412 120
3413 43
3414 0
3415 3223
3416 2
3417 22
3418 15
3419 4
3420 3474
3421 5
3422 1994
3423 33
3424 86
3425 70
3426 92
3427 82
3428 76
3429 99
3430 60
3431 1
3432 15
3433 9
3434 3427
3435 115
3436 177
3437 158
3438 173
3439 736
3440 162
3441 2107
3442 491
3443 3514
3444 261
3445 144
3446 141
3447 121
3448 134
3449 2801
3450 151
3451 3256
3452 878
3453 1046
3454 598
3455 2567
3456 1655
3457 1658
3458 3070
3459 490
3460 3139
3461 1054
3462 1013
3463 169
3464 146
3465 29
3466 1690
3467 1508
3468 19
3469 3163
3470 2517
3471 3164
3472 2812
3473 3152
3474 19
3475 1743
3476 2665
3477 2517
3478 7
3479 2884
3480 57
3481 54
3482 15
3483 52
3484 33
3485 1501
3486 1926
3487 2517
3488 1504
3489 2518
3490 14
3491 3227
3492 21
3493 82
3494 187
3495 42
3496 80
3497 755
3498 114
3499 3
3500 10
3501 2890
3502 0
3503 111
3504 2331
3505 359
3506 1772
3507 654
3508 1216
3509 340
3510 162
3511 3455
3512 155
3513 126
3514 121
3515 106
3516 108
3517 136
3518 1051
3519 548
3520 3581
3521 964
3522 2641
3523 543
3524 2113
3525 2116
3526 3463
3527 3072
3528 844
3529 3717
3530 735
3531 185
3532 119
3533 40
3534 3670
3535 3163
3536 3725
3537 1683
3538 1563
3539 2515
3540 3152
3541 2372
3542 3477
3543 1559
3544 16
3545 23
3546 38
3547 36
3548 2815
3549 2808
3550 2668
3551 2957
3552 1927
3553 2593
3554 2807
3555 1556
3556 19
3557 51
3558 98
3559 32
3560 89
3561 134
3562 104
3563 56
3564 22
3565 3663
3566 1995
3567 150
3568 279
3569 3761
3570 3514
3571 338
3572 2339
3573 161
3574 3637
3575 153
3576 1702
3577 170
3578 167
3579 316
3580 166
3581 3456
3582 489
3583 3582
3584 2566
3585 1968
3586 2268
3587 3463
3588 604
3589 3632
3590 844
3591 734
3592 169
3593 1545
3594 122
3595 32
3596 6
3597 3210
3598 2216
3599 3600
3600 3794
3601 1924
3602 3153
3603 18
3604 2735
3605 2845
3606 3561
3607 32
3608 2952
3609 1344
3610 3624
3611 2210
3612 13
3613 1292
3614 1562
3615 1505
3616 8
3617 3431
3618 7
3619 3152
3620 3688
3621 23
3622 34
3623 50
3624 40
3625 31
3626 5
3627 16
3628 57
3629 159
3630 182
3631 158
3632 168
3633 3382
3634 3826
3635 786
3636 738
3637 162
3638 157
3639 150
3640 1192
3641 190
3642 299
3643 175
3644 159
3645 154
3646 698
3647 3776
3648 2418
3649 2192
3650 3266
3651 144
3652 3466
3653 3272
3654 3785
3655 733
3656 172
3657 148
3658 1704
3659 116
3660 49
3661 4
3662 6
3663 3854
3664 1683
3665 3689
3666 2517
3667 1679
3668 2663
3669 2589
3670 3563
3671 34
3672 46
3673 35
3674 2511
3675 2736
3676 2886
3677 3868
3678 4
3679 3102
3680 10
3681 17
3682 11
3683 5
3684 3164
3685 8
3686 14
3687 98
3688 31
3689 19
3690 1627
3691 33
3692 57
3693 28
3694 29
3695 25
3696 135
3697 1111
3698 491
3699 167
3700 3450
3701 474
3702 336
3703 338
3704 157
3705 424
3706 155
3707 148
3708 172
3709 1074
3710 303
3711 177
3712 473
3713 3902
3714 1264
3715 1210
3716 153
3717 3905
3718 3462
3719 2865
3720 3000
3721 3956
3722 2120
3723 735
3724 174
3725 171
3726 165
3727 129
3728 61
3729 3918
3730 3689
3731 3222
3732 3725
3733 1559
3734 3097
3735 2668
3736 3291
3737 41
3738 51
3739 49
3740 53
3741 52
3742 38
3743 25
3744 2586
3745 3920
3746 2603
3747 3298
3748 3938
3749 9
3750 3246
3751 18
3752 122
3753 9
3754 12
3755 50
3756 3427
3757 28
3758 4
3759 49
3760 31
3761 112
3762 173
3763 155
3764 175
3765 169
3766 334
3767 3513
3768 654
3769 653
3770 160
3771 3960
3772 160
3773 155
3774 147
3775 180
3776 190
3777 519
3778 1388
3779 165
3780 342
3781 3838
3782 344
3783 2030
3784 3265
3785 2787
3786 148
3787 3647
3788 3717
3789 3977
3790 2718
3791 640
3792 176
3793 166
3794 1820
3795 176
3796 139
3797 53
3798 7
3799 3163
3800 3987
3801 1559
3802 3919
3803 3025
3804 11
3805 25
3806 41
3807 43
3808 45
3809 58
3810 56
3811 32
3812 17
3813 3361
3814 3090
3815 3859
3816 1624
3817 3688
3818 4054
3819 3934
3820 30
3821 88
3822 14
3823 77
3824 175
3825 90
3826 2583
3827 1293
3828 23
3829 49
3830 184
3831 163
3832 530
3833 3956
3834 4024
3835 689
3836 1097
3837 156
3838 3913
3839 570
3840 1246
3841 158
3842 147
3843 3969
3844 740
3845 1966
3846 2035
3847 1717
3848 2716
3849 2863
3850 3761
3851 3825
3852 3846
3853 1203
3854 165
3855 156
3856 167
3857 2078
3858 180
3859 71
3860 4054
3861 3164
3862 3410
3863 1563
3864 3919
3865 3794
3866 2585
3867 25
3868 36
3869 35
3870 32
3871 43
3872 40
3873 3343
3874 1862
3875 3730
3876 2667
3877 9
3878 3939
3879 10
3880 1
3881 13
3882 45
3883 49
3884 32
3885 139
3886 226
3887 91
3888 3
3889 5
3890 42
3891 1505
3892 35
3893 154
3894 182
3895 262
3896 3955
3897 4023
3898 1660
3899 476
3900 1271
3901 158
3902 150
3903 173
3904 1122
3905 1123
3906 185
3907 166
3908 3775
3909 3970
3910 3904
3911 2860
3912 1718
3913 2862
3914 4106
3915 4045
3916 1013
3917 162
3918 639
3919 175
3920 260
3921 186
3922 27
3923 3246
3924 3940
3925 3854
3926 3792
3927 1453
3928 1924
3929 3152
3930 30
3931 33
3932 31
3933 38
3934 39
3935 26
3936 26
3937 2521
3938 3408
3939 12
3940 1505
3941 2883
3942 1453
3943 1805
3944 57
3945 40
3946 25
3947 148
3948 232
3949 84
3950 19
3951 52
3952 168
3953 78
3954 6
3955 47
3956 74
3957 188
3958 173
3959 270
3960 4089
3961 4154
3962 1216
3963 163
3964 159
3965 152
3966 1856
3967 1305
3968 1191
3969 3256
3970 4099
3971 2340
3972 3778
3973 2860
3974 2112
3975 1905
3976 3000
3977 3572
3978 2196
3979 358
3980 172
3981 161
3982 170
3983 640
3984 172
3985 158
3986 17
3987 8
3988 4243
3989 1502
3990 3164
3991 3663
3992 2664
3993 3284
3994 2740
3995 16
3996 21
3997 26
3998 2138
3999 31
4000 24
4001 33
4002 15
4003 3730
4004 3859
4005 7
4006 21
4007 1508
4008 2364
4009 3533
4010 3883
4011 18
4012 44
4013 153
4014 224
4015 70
4016 91
4017 155
4018 188
4019 134
4020 1391
4021 54
4022 4149
4023 3378
4024 165
4025 3827
4026 606
4027 473
4028 4219
4029 700
4030 1216
4031 159
4032 145
4033 175
4034 994
4035 1388
4036 164
4037 1157
4038 476
4039 1148
4040 1215
4041 1148
4042 748
4043 3390
4044 2034
4045 2861
4046 2117
4047 4232
4048 3451
4049 4044
4050 410
4051 171
4052 326
4053 177
4054 133
4055 3246
4056 4243
4057 1292
4058 4055
4059 3350
4060 4315
4061 3868
4062 12
4063 3152
4064 24
4065 29
4066 26
4067 3537
4068 3280
4069 3689
4070 3724
4071 14
4072 58
4073 82
4074 12
4075 2828
4076 3426
4077 69
4078 21
4079 42
4080 144
4081 223
4082 110
4083 146
4084 175
4085 269
4086 4053
4087 37
4088 109
4089 177
4090 161
4091 869
4092 2852
4093 689
4094 3900
4095 698
4096 156
4097 260
4098 149
4099 1461
4100 1032
4101 1765
4102 163
4103 155
4104 4025
4105 156
4106 746
4107 3261
4108 1265
4109 543
4110 744
4111 419
4112 3712
4113 2937
4114 4303
4115 1589
4116 4044
4117 3637
4118 3446
4119 170
4120 183
4121 101
4122 2531
4123 4312
4124 1502
4125 1502
4126 3540
4127 2363
4128 2889
4129 22
4130 2894
4131 16
4132 26
4133 31
4134 1506
4135 1396
4136 7
4137 104
4138 172
4139 82
4140 28
4141 3475
4142 2509
4143 39
4144 156
4145 229
4146 128
4147 163
4148 4345
4149 181
4150 118
4151 3
4152 19
4153 62
4154 161
4155 268
4156 843
4157 475
4158 1376
4159 168
4160 264
4161 163
4162 158
4163 336
4164 149
4165 1128
4166 293
4167 1857
4168 3575
4169 878
4170 159
4171 166
4172 174
4173 293
4174 176
4175 168
4176 159
4177 151
4178 1657
4179 4300
4180 2788
4181 2270
4182 4370
4183 4044
4184 1203
4185 4415
4186 162
4187 173
4188 181
4189 73
4190 2682
4191 4312
4192 4313
4193 4380
4194 4055
4195 4246
4196 2518
4197 3805
4198 20
4199 23
4200 2817
4201 2138
4202 2368
4203 1680
4204 23
4205 141
4206 1873
4207 132
4208 36
4209 0
4210 48
4211 51
4212 12
4213 42
4214 165
4215 230
4216 128
4217 151
4218 733
4219 476
4220 41
4221 8
4222 38
4223 128
4224 2870
4225 2104
4226 4417
4227 157
4228 4410
4229 165
4230 1271
4231 161
4232 156
4233 159
4234 157
4235 144
4236 171
4237 523
4238 1857
4239 4358
4240 413
4241 4418
4242 3077
4243 182
4244 455
4245 179
4246 167
4247 156
4248 1656
4249 4435
4250 4369
4251 4438
4252 3398
4253 733
4254 731
4255 2653
4256 179
4257 163
4258 48
4259 1343
4260 3987
4261 4449
4262 4448
4263 3552
4264 11
4265 1924
4266 1505
4267 3280
4268 21
4269 1450
4270 1744
4271 3152
4272 2216
4273 64
4274 169
4275 160
4276 175
4277 184
4278 84
4279 6
4280 76
4281 36
4282 87
4283 54
4284 153
4285 222
4286 139
4287 157
4288 410
4289 152
4290 179
4291 103
4292 5
4293 26
4294 82
4295 310
4296 192
4297 194
4298 193
4299 187
4300 175
4301 4292
4302 3066
4303 3579
4304 158
4305 352
4306 156
4307 142
4308 1128
4309 311
4310 187
4311 181
4312 4292
4313 963
4314 546
4315 1216
4316 3256
4317 154
4318 484
4319 153
4320 4368
4321 2194
4322 4438
4323 3761
4324 929
4325 4087
4326 166
4327 314
4328 118
4329 24
4330 3430
4331 3218
4332 4246
4333 4245
4334 2888
4335 3351
4336 2589
4337 2957
4338 2969
4339 1294
4340 3553
4341 20
4342 2884
4343 109
4344 178
4345 1271
4346 174
4347 89
4348 8
4349 68
4350 50
4351 147
4352 61
4353 150
4354 221
4355 140
4356 155
4357 3455
4358 166
4359 173
4360 141
4361 2588
4362 42
4363 157
4364 201
4365 190
4366 196
4367 203
4368 204
4369 196
4370 180
4371 164
4372 2230
4373 3204
4374 168
4375 3696
4376 160
4377 145
4378 4492
4379 291
4380 4566
4381 165
4382 593
4383 3902
4384 156
4385 152
4386 148
4387 140
4388 144
4389 149
4390 1426
4391 4505
4392 4577
4393 4370
4394 971
4395 686
4396 161
4397 4308
4398 156
4399 56
4400 3430
4401 3417
4402 3484
4403 2888
4404 3414
4405 1504
4406 3756
4407 1743
4408 2668
4409 2670
4410 2067
4411 2368
4412 20
4413 5
4414 41
4415 152
4416 2329
4417 533
4418 47
4419 8
4420 62
4421 71
4422 159
4423 56
4424 161
4425 227
4426 2071
4427 167
4428 163
4429 169
4430 135
4431 132
4432 61
4433 10
4434 26
4435 94
4436 191
4437 2834
4438 192
4439 198
4440 197
4441 190
4442 178
4443 2874
4444 274
4445 167
4446 1053
4447 162
4448 149
4449 170
4450 630
4451 186
4452 4626
4453 413
4454 157
4455 4486
4456 157
4457 153
4458 1969
4459 1155
4460 3066
4461 149
4462 145
4463 4576
4464 4302
4465 4649
4466 2718
4467 2853
4468 2185
4469 169
4470 131
4471 1346
4472 23
4473 1624
4474 3097
4475 3286
4476 2742
4477 3860
4478 3936
4479 2067
4480 3476
4481 2740
4482 1624
4483 1293
4484 14
4485 63
4486 185
4487 164
4488 172
4489 1953
4490 12
4491 31
4492 84
4493 76
4494 160
4495 48
4496 161
4497 229
4498 131
4499 4221
4500 351
4501 92
4502 106
4503 99
4504 13
4505 27
4506 36
4507 164
4508 190
4509 675
4510 186
4511 452
4512 901
4513 151
4514 2791
4515 3268
4516 152
4517 4157
4518 168
4519 371
4520 185
4521 4512
4522 155
4523 476
4524 486
4525 156
4526 151
4527 146
4528 1150
4529 151
4530 154
4531 347
4532 4641
4533 4719
4534 146
4535 149
4536 4785
4537 146
4538 138
4539 152
4540 3955
4541 4683
4542 1098
4543 164
4544 168
4545 174
4546 158
4547 165
4548 176
4549 167
4550 31
4551 1924
4552 7
4553 3415
4554 2664
4555 3157
4556 3409
4557 3689
4558 3289
4559 2743
4560 4815
4561 1504
4562 1622
4563 1746
4564 16
4565 140
4566 166
4567 156
4568 171
4569 175
4570 117
4571 0
4572 58
4573 43
4574 121
4575 164
4576 63
4577 159
4578 215
4579 131
4580 4359
4581 159
4582 128
4583 87
4584 93
4585 131
4586 46
4587 2
4588 43
4589 94
4590 168
4591 279
4592 176
4593 385
4594 2053
4595 194
4596 190
4597 408
4598 149
4599 167
4600 155
4601 150
4602 163
4603 1917
4604 168
4605 192
4606 190
4607 3637
4608 4779
4609 698
4610 158
4611 153
4612 1968
4613 147
4614 152
4615 4712
4616 146
4617 147
4618 154
4619 1968
4620 145
4621 4287
4622 155
4623 141
4624 156
4625 130
4626 123
4627 121
4628 120
4629 122
4630 131
4631 135
4632 127
4633 148
4634 4802
4635 268
4636 169
4637 162
4638 152
4639 398
4640 185
4641 108
4642 1451
4643 3742
4644 4660
4645 4815
4646 2808
4647 1926
4648 2743
4649 4249
4650 4249
4651 1503
4652 2585
4653 10
4654 53
4655 161
4656 3305
4657 180
4658 184
4659 104
4660 7
4661 71
4662 43
4663 132
4664 153
4665 58
4666 166
4667 230
4668 144
4669 3261
4670 161
4671 89
4672 71
4673 102
4674 2168
4675 2953
4676 61
4677 4848
4678 174
4679 160
4680 1114
4681 197
4682 202
4683 195
4684 206
4685 188
4686 172
4687 144
4688 3894
4689 148
4690 161
4691 1550
4692 171
4693 189
4694 182
4695 4712
4696 645
4697 1051
4698 156
4699 150
4700 146
4701 143
4702 140
4703 143
4704 1151
4705 149
4706 146
4707 2032
4708 148
4709 142
4710 152
4711 140
4712 150
4713 136
4714 142
4715 114
4716 110
4717 2985
4718 118
4719 118
4720 4884
4721 138
4722 164
4723 178
4724 167
4725 3378
4726 1184
4727 329
4728 173
4729 46
4730 1292
4731 3480
4732 4183
4733 2669
4734 3477
4735 2738
4736 2585
4737 2368
4738 4905
4739 3284
4740 3152
4741 3612
4742 9
4743 87
4744 425
4745 302
4746 182
4747 67
4748 7
4749 84
4750 53
4751 165
4752 154
4753 53
4754 157
4755 221
4756 129
4757 2156
4758 157
4759 104
4760 96
4761 133
4762 141
4763 2989
4764 0
4765 47
4766 137
4767 178
4768 152
4769 145
4770 4614
4771 1032
4772 1285
4773 193
4774 176
4775 4772
4776 150
4777 2525
4778 382
4779 179
4780 192
4781 4742
4782 160
4783 697
4784 155
4785 4717
4786 4856
4787 150
4788 3325
4789 4866
4790 151
4791 149
4792 153
4793 2987
4794 147
4795 4503
4796 146
4797 102
4798 107
4799 111
4800 112
4801 106
4802 96
4803 102
4804 122
4805 136
4806 152
4807 4219
4808 4352
4809 267
4810 176
4811 172
4812 130
4813 8
4814 2515
4815 3600
4816 4183
4817 2666
4818 4904
4819 3795
4820 3924
4821 4816
4822 4904
4823 21
4824 5
4825 37
4826 148
4827 2723
4828 169
4829 172
4830 165
4831 4396
4832 82
4833 59
4834 185
4835 176
4836 66
4837 163
4838 225
4839 132
4840 136
4841 145
4842 160
4843 104
4844 99
4845 133
4846 132
4847 149
4848 91
4849 8
4850 26
4851 89
4852 175
4853 157
4854 174
4855 2431
4856 178
4857 5066
4858 820
4859 321
4860 160
4861 147
4862 1825
4863 5112
4864 4707
4865 162
4866 4488
4867 1209
4868 1149
4869 150
4870 147
4871 145
4872 4957
4873 4958
4874 2114
4875 1969
4876 158
4877 1155
4878 1155
4879 156
4880 147
4881 113
4882 117
4883 112
4884 110
4885 112
4886 102
4887 105
4888 129
4889 140
4890 4611
4891 184
4892 204
4893 202
4894 1574
4895 201
4896 181
4897 70
4898 3670
4899 10
4900 2367
4901 2812
4902 4730
4903 2813
4904 2668
4905 2737
4906 3476
4907 5162
4908 2670
4909 2210
4910 2
4911 77
4912 2087
4913 176
4914 188
4915 195
4916 169
4917 27
4918 40
4919 92
4920 94
4921 213
4922 181
4923 68
4924 163
4925 229
4926 142
4927 149
4928 4612
4929 110
4930 107
4931 135
4932 138
4933 137
4934 137
4935 45
4936 7
4937 50
4938 148
4939 4031
4940 1301
4941 182
4942 316
4943 272
4944 1578
4945 172
4946 334
4947 1280
4948 318
4949 180
4950 177
4951 162
4952 746
4953 1150
4954 2194
4955 148
4956 5043
4957 4865
4958 3261
4959 827
4960 164
4961 4430
4962 3888
4963 154
4964 167
4965 157
4966 102
4967 99
4968 81
4969 85
4970 115
4971 123
4972 118
4973 129
4974 130
4975 132
4976 147
4977 164
4978 159
4979 137
4980 130
4981 138
4982 160
4983 135
4984 1447
4985 1562
4986 3937
4987 4316
4988 3352
4989 3793
4990 3745
4991 4593
4992 5077
4993 1399
4994 2666
4995 12
4996 133
4997 212
4998 207
4999 196
5000 212
5001 210
5002 135
5003 0
5004 38
5005 63
5006 116
5007 217
5008 187
5009 70
5010 158
5011 217
5012 137
5013 4911
5014 193
5015 181
5016 613
5017 155
5018 130
5019 159
5020 3423
5021 26
5022 93
5023 181
5024 166
5025 185
5026 156
5027 177
5028 2329
5029 269
5030 425
5031 148
5032 3378
5033 3267
5034 146
5035 153
5036 1216
5037 158
5038 152
5039 839
5040 415
5041 3457
5042 167
5043 4418
5044 161
5045 152
5046 142
5047 139
5048 138
5049 138
5050 5017
5051 5017
5052 147
5053 125
5054 149
5055 139
5056 126
5057 126
5058 104
5059 108
5060 153
5061 2231
5062 4373
5063 4703
5064 117
5065 84
5066 74
5067 79
5068 87
5069 60
5070 2
5071 2735
5072 4520
5073 1452
5074 2741
5075 3351
5076 1560
5077 3727
5078 3732
5079 2514
5080 4316
5081 2738
5082 3210
5083 1295
5084 183
5085 218
5086 215
5087 224
5088 221
5089 220
5090 111
5091 5
5092 73
5093 64
5094 153
5095 214
5096 184
5097 76
5098 167
5099 221
5100 139
5101 168
5102 189
5103 201
5104 207
5105 206
5106 186
5107 147
5108 133
5109 150
5110 101
5111 4454
5112 53
5113 420
5114 163
5115 4710
5116 164
5117 1654
5118 156
5119 136
5120 1658
5121 158
5122 149
5123 98
5124 103
5125 120
5126 134
5127 137
5128 143
5129 1155
5130 167
5131 434
5132 980
5133 178
5134 939
5135 183
5136 173
5137 3324
5138 146
5139 136
5140 133
5141 2918
5142 136
5143 154
5144 123
5145 149
5146 136
5147 116
5148 5313
5149 97
5150 133
5151 146
5152 134
5153 139
5154 122
5155 119
5156 117
5157 123
5158 4881
5159 94
5160 65
5161 63
5162 24
5163 2518
5164 1864
5165 2666
5166 1292
5167 3220
5168 2665
5169 3552
5170 5246
5171 3481
5172 3345
5173 8
5174 1450
5175 10
5176 171
5177 157
5178 2644
5179 1720
5180 60
5181 0
5182 87
5183 42
5184 129
5185 144
5186 137
5187 50
5188 5093
5189 136
5190 4791
5191 2157
5192 3175
5193 145
5194 4980
5195 126
5196 50
5197 2212
5198 105
5199 158
5200 123
5201 1874
5202 144
5203 121
5204 131
5205 141
5206 123
5207 156
5208 279
5209 133
5210 117
5211 128
5212 152
5213 166
5214 1216
5215 174
5216 2098
5217 4913
5218 901
5219 718
5220 1172
5221 675
5222 1735
5223 167
5224 152
5225 3112
5226 84
5227 103
5228 124
5229 83
5230 104
5231 86
5232 76
5233 79
5234 72
5235 71
5236 80
5237 79
5238 68
5239 65
5240 66
5241 62
5242 76
5243 66
5244 5491
5245 61
5246 77
5247 45
5248 23
5249 2363
5250 17
5251 2671
5252 4729
5253 4994
5254 4660
5255 3408
5256 1561
5257 4994
5258 5424
5259 8
5260 48
5261 174
5262 157
5263 152
5264 3322
5265 24
5266 13
5267 78
5268 61
5269 329
5270 151
5271 75
5272 166
5273 207
5274 689
5275 152
5276 146
5277 129
5278 3963
5279 130
5280 146
5281 5095
5282 98
5283 3
5284 29
5285 45
5286 105
5287 5439
5288 34
5289 91
5290 69
5291 43
5292 148
5293 59
5294 170
5295 194
5296 153
5297 105
5298 82
5299 110
5300 136
5301 157
5302 1240
5303 1611
5304 181
5305 186
5306 1761
5307 2048
5308 193
5309 184
5310 176
5311 191
5312 194
5313 173
5314 150
5315 139
5316 128
5317 115
5318 95
5319 88
5320 91
5321 105
5322 109
5323 96
5324 81
5325 77
5326 5496
5327 53
5328 55
5329 63
5330 60
5331 56
5332 66
5333 69
5334 60
5335 67
5336 67
5337 65
5338 67
5339 64
5340 73
5341 2539
5342 1554
5343 1399
5344 4318
5345 5513
5346 2671
5347 2742
5348 5511
5349 5601
5350 2815
5351 15
5352 44
5353 116
5354 114
5355 91
5356 81
5357 86
5358 92
5359 3
5360 27
5361 95
5362 31
5363 83
5364 69
5365 67
5366 49
5367 168
5368 230
5369 129
5370 87
5371 105
5372 119
5373 156
5374 2993
5375 134
5376 156
5377 134
5378 149
5379 141
5380 27
5381 6
5382 44
5383 86
5384 50
5385 130
5386 59
5387 87
5388 80
5389 54
5390 162
5391 91
5392 150
5393 133
5394 71
5395 25
5396 33
5397 34
5398 3437
5399 99
5400 143
5401 178
5402 207
5403 385
5404 188
5405 196
5406 194
5407 301
5408 187
5409 208
5410 175
5411 149
5412 130
5413 110
5414 101
5415 97
5416 86
5417 52
5418 50
5419 59
5420 78
5421 87
5422 3683
5423 77
5424 81
5425 79
5426 73
5427 74
5428 80
5429 5682
5430 89
5431 5684
5432 74
5433 87
5434 79
5435 77
5436 87
5437 72
5438 5521
5439 1343
5440 3596
5441 5506
5442 5513
5443 5510
5444 2808
5445 5512
5446 4994
5447 9
5448 4144
5449 4454
5450 4321
5451 28
5452 14
5453 3486
5454 45
5455 92
5456 3947
5457 32
5458 30
5459 74
5460 157
5461 216
5462 120
5463 98
5464 108
5465 60
5466 94
5467 81
5468 99
5469 97
5470 121
5471 99
5472 118
5473 125
5474 87
5475 5
5476 30
5477 46
5478 40
5479 131
5480 85
5481 95
5482 90
5483 66
5484 161
5485 102
5486 91
5487 57
5488 18
5489 12
5490 32
5491 34
5492 28
5493 28
5494 39
5495 54
5496 84
5497 121
5498 181
5499 201
5500 202
5501 1641
5502 195
5503 200
5504 188
5505 138
5506 90
5507 84
5508 5099
5509 97
5510 101
5511 90
5512 55
5513 56
5514 65
5515 80
5516 86
5517 5680
5518 5485
5519 117
5520 117
5521 113
5522 114
5523 2622
5524 118
5525 5777
5526 111
5527 127
5528 120
5529 124
5530 136
5531 83
5532 3937
5533 4009
5534 1558
5535 5600
5536 5698
5537 5603
5538 5700
5539 5601
5540 23
5541 9
5542 70
5543 120
5544 113
5545 100
5546 102
5547 100
5548 99
5549 48
5550 5
5551 63
5552 86
5553 113
5554 111
5555 39
5556 70
5557 148
5558 132
5559 148
5560 123
5561 189
5562 197
5563 89
5564 61
5565 75
5566 95
5567 67
5568 62
5569 57
5570 100
5571 126
5572 130
5573 35
5574 4060
5575 35
5576 143
5577 78
5578 90
5579 5324
5580 5484
5581 47
5582 35
5583 25
5584 38
5585 26
5586 40
5587 50
5588 53
5589 45
5590 26
5591 24
5592 45
5593 90
5594 142
5595 1986
5596 198
5597 195
5598 159
5599 113
5600 71
5601 41
5602 70
5603 111
5604 105
5605 102
5606 104
5607 80
5608 53
5609 54
5610 61
5611 5592
5612 58
5613 57
5614 61
5615 107
5616 133
5617 137
5618 124
5619 124
5620 130
5621 130
5622 129
5623 127
5624 134
5625 123
5626 125
5627 123
5628 142
5629 140
5630 59
5631 2890
5632 3289
5633 2814
5634 5601
5635 5699
5636 1683
5637 5605
5638 7
5639 109
5640 152
5641 165
5642 3267
5643 118
5644 150
5645 44
5646 11
5647 87
5648 49
5649 134
5650 133
5651 74
5652 77
5653 134
5654 59
5655 55
5656 71
5657 158
5658 191
5659 141
5660 87
5661 108
5662 124
5663 95
5664 76
5665 65
5666 88
5667 102
5668 124
5669 72
5670 1
5671 30
5672 4670
5673 51
5674 72
5675 84
5676 61
5677 101
5678 83
5679 52
5680 2395
5681 24
5682 5748
5683 5173
5684 54
5685 45
5686 30
5687 30
5688 23
5689 46
5690 103
5691 167
5692 180
5693 136
5694 84
5695 60
5696 65
5697 47
5698 77
5699 107
5700 100
5701 104
5702 97
5703 55
5704 37
5705 41
5706 47
5707 5673
5708 45
5709 46
5710 50
5711 104
5712 131
5713 3366
5714 5879
5715 134
5716 134
5717 127
5718 135
5719 124
5720 111
5721 115
5722 136
5723 109
5724 3999
5725 2810
5726 3094
5727 5890
5728 5793
5729 5892
5730 5513
5731 0
5732 44
5733 3981
5734 169
5735 164
5736 181
5737 165
5738 152
5739 3431
5740 110
5741 45
5742 117
5743 90
5744 69
5745 127
5746 106
5747 59
5748 96
5749 93
5750 5576
5751 138
5752 143
5753 112
5754 88
5755 85
5756 106
5757 109
5758 90
5759 63
5760 112
5761 100
5762 9
5763 21
5764 31
5765 125
5766 55
5767 83
5768 96
5769 99
5770 6001
5771 65
5772 53
5773 40
5774 34
5775 61
5776 62
5777 51
5778 44
5779 2466
5780 31
5781 32
5782 2613
5783 55
5784 86
5785 102
5786 1883
5787 81
5788 73
5789 62
5790 78
5791 97
5792 2628
5793 79
5794 4262
5795 21
5796 27
5797 30
5798 29
5799 3949
5800 31
5801 107
5802 126
5803 140
5804 145
5805 146
5806 133
5807 123
5808 127
5809 128
5810 138
5811 147
5812 136
5813 144
5814 147
5815 86
5816 2512
5817 2740
5818 3989
5819 3029
5820 5792
5821 2666
5822 5604
5823 5698
5824 112
5825 250
5826 242
5827 238
5828 245
5829 247
5830 255
5831 175
5832 2590
5833 108
5834 98
5835 141
5836 58
5837 40
5838 152
5839 60
5840 96
5841 172
5842 124
5843 49
5844 27
5845 75
5846 169
5847 132
5848 80
5849 58
5850 85
5851 125
5852 122
5853 93
5854 111
5855 113
5856 46
5857 3550
5858 71
5859 93
5860 5054
5861 119
5862 131
5863 109
5864 82
5865 2768
5866 85
5867 82
5868 102
5869 5933
5870 72
5871 66
5872 66
5873 72
5874 81
5875 90
5876 92
5877 87
5878 96
5879 5139
5880 94
5881 98
5882 94
5883 100
5884 105
5885 105
5886 98
5887 2454
5888 18
5889 22
5890 27
5891 5938
5892 25
5893 24
5894 106
5895 118
5896 141
5897 639
5898 128
5899 102
5900 109
5901 103
5902 117
5903 4791
5904 162
5905 144
5906 4655
5907 2593
5908 4243
5909 1507
5910 2593
5911 5983
5912 6077
5913 5794
5914 5513
5915 18
5916 85
5917 5370
5918 5463
5919 3963
5920 89
5921 5987
5922 91
5923 98
5924 124
5925 63
5926 99
5927 147
5928 35
5929 139
5930 213
5931 129
5932 56
5933 41
5934 74
5935 92
5936 148
5937 155
5938 104
5939 74
5940 106
5941 119
5942 101
5943 104
5944 111
5945 89
5946 12
5947 26
5948 33
5949 125
5950 112
5951 113
5952 97
5953 87
5954 90
5955 113
5956 103
5957 106
5958 112
5959 107
5960 124
5961 3112
5962 109
5963 118
5964 116
5965 112
5966 119
5967 119
5968 123
5969 128
5970 128
5971 122
5972 115
5973 6214
5974 110
5975 113
5976 5809
5977 107
5978 95
5979 5612
5980 90
5981 95
5982 98
5983 100
5984 101
5985 6137
5986 103
5987 115
5988 130
5989 139
5990 140
5991 137
5992 135
5993 135
5994 111
5995 110
5996 134
5997 125
5998 147
5999 115
6000 4452
6001 3484
6002 2672
6003 3932
6004 3597
6005 2668
6006 3859
6007 2814
6008 2960
6009 2825
6010 11
6011 3362
6012 3663
6013 107
6014 122
6015 108
6016 137
6017 138
6018 125
6019 150
6020 48
6021 0
6022 83
6023 68
6024 93
6025 153
6026 81
6027 158
6028 124
6029 67
6030 154
6031 230
6032 6008
6033 125
6034 117
6035 125
6036 102
6037 163
6038 150
6039 120
6040 132
6041 128
6042 131
6043 130
6044 2600
6045 31
6046 7
6047 34
6048 99
6049 144
6050 4686
6051 135
6052 133
6053 127
6054 2981
6055 130
6056 5382
6057 5303
6058 6272
6059 141
6060 145
6061 3395
6062 6317
6063 3395
6064 142
6065 5188
6066 136
6067 135
6068 136
6069 138
6070 141
6071 143
6072 6324
6073 140
6074 138
6075 135
6076 5382
6077 140
6078 125
6079 129
6080 132
6081 132
6082 129
6083 128
6084 5095
6085 5410
6086 138
6087 132
6088 146
6089 93
6090 13
6091 2890
6092 6257
6093 3414
6094 5331
6095 2738
6096 3092
6097 2969
6098 1925
6099 4520
6100 5599
6101 5697
6102 3279
6103 38
6104 5364
6105 139
6106 4782
6107 6069
6108 31
6109 0
6110 85
6111 63
6112 2176
6113 104
6114 160
6115 129
6116 59
6117 133
6118 211
6119 137
6120 6253
6121 143
6122 134
6123 153
6124 84
6125 165
6126 175
6127 123
6128 147
6129 140
6130 135
6131 129
6132 158
6133 91
6134 2971
6135 51
6136 155
6137 146
6138 141
6139 5145
6140 139
6141 6069
6142 142
6143 2032
6144 2495
6145 1905
6146 147
6147 150
6148 6319
6149 143
6150 143
6151 144
6152 2863
6153 6394
6154 5188
6155 5189
6156 138
6157 6245
6158 140
6159 139
6160 136
6161 134
6162 132
6163 133
6164 5408
6165 139
6166 137
6167 6296
6168 6339
6169 136
6170 131
6171 126
6172 137
6173 5395
6174 52
6175 5069
6176 3232
6177 3413
6178 3289
6179 3288
6180 2739
6181 2668
6182 4595
6183 2809
6184 2739
6185 2585
6186 1562
6187 34
6188 126
6189 139
6190 5303
6191 2307
6192 116
6193 1558
6194 100
6195 50
6196 150
6197 81
6198 4879
6199 144
6200 63
6201 122
6202 204
6203 6331
6204 5024
6205 159
6206 6274
6207 111
6208 163
6209 174
6210 6325
6211 155
6212 136
6213 150
6214 130
6215 1339
6216 24
6217 122
6218 4642
6219 135
6220 137
6221 4958
6222 6405
6223 3780
6224 146
6225 3267
6226 145
6227 147
6228 3587
6229 3269
6230 6485
6231 6395
6232 6410
6233 136
6234 136
6235 6480
6236 141
6237 6445
6238 6421
6239 6489
6240 139
6241 3269
6242 6329
6243 5304
6244 140
6245 6312
6246 115
6247 16
6248 6
6249 5331
6250 4659
6251 6434
6252 3283
6253 4072
6254 6438
6255 2585
6256 2589
6257 3223
6258 15
6259 6
6260 12
6261 83
6262 1150
6263 3900
6264 5282
6265 105
6266 3017
6267 115
6268 45
6269 141
6270 71
6271 170
6272 6482
6273 68
6274 124
6275 212
6276 5188
6277 142
6278 129
6279 136
6280 6059
6281 137
6282 95
6283 170
6284 164
6285 6331
6286 5409
6287 143
6288 70
6289 1
6290 32
6291 65
6292 5305
6293 5312
6294 132
6295 130
6296 127
6297 5877
6298 5876
6299 130
6300 131
6301 6418
6302 6307
6303 6550
6304 128
6305 5882
6306 4883
6307 123
6308 124
6309 125
6310 126
6311 127
6312 127
6313 5312
6314 6216
6315 117
6316 118
6317 121
6318 4882
6319 119
6320 5187
6321 143
6322 2113
6323 5127
6324 142
6325 147
6326 3334
6327 144
6328 94
6329 1748
6330 2960
6331 6348
6332 6507
6333 5157
6334 2670
6335 1924
6336 1629
6337 2369
6338 3090
6339 5069
6340 3554
6341 36
6342 118
6343 152
6344 6244
6345 136
6346 143
6347 153
6348 52
6349 1
6350 44
6351 101
6352 65
6353 90
6354 109
6355 168
6356 6248
6357 65
6358 125
6359 220
6360 6410
6361 6566
6362 122
6363 125
6364 132
6365 126
6366 90
6367 177
6368 150
6369 2011
6370 121
6371 144
6372 103
6373 8
6374 25
6375 35
6376 118
6377 2400
6378 119
6379 3111
6380 113
6381 118
6382 114
6383 6231
6384 5777
6385 116
6386 116
6387 117
6388 110
6389 109
6390 108
6391 105
6392 103
6393 101
6394 99
6395 98
6396 99
6397 6198
6398 107
6399 5140
6400 114
6401 114
6402 112
6403 109
6404 106
6405 6654
6406 6250
6407 108
6408 6317
6409 5145
6410 6319
6411 6492
6412 5189
6413 62
6414 1748
6415 5599
6416 2957
6417 6433
6418 6259
6419 6589
6420 2665
6421 2670
6422 1559
6423 1691
6424 1395
6425 2583
6426 3563
6427 77
6428 2987
6429 6534
6430 6361
6431 142
6432 4464
6433 81
6434 68
6435 82
6436 60
6437 156
6438 145
6439 4886
6440 69
6441 126
6442 222
6443 129
6444 6298
6445 126
6446 136
6447 2625
6448 131
6449 113
6450 5918
6451 2232
6452 106
6453 125
6454 114
6455 115
6456 49
6457 1
6458 1808
6459 116
6460 122
6461 112
6462 6637
6463 104
6464 110
6465 106
6466 104
6467 101
6468 6239
6469 6723
6470 6651
6471 99
6472 6650
6473 98
6474 6729
6475 6137
6476 6237
6477 5142
6478 109
6479 112
6480 114
6481 6219
6482 6657
6483 112
6484 6250
6485 109
6486 6329
6487 6331
6488 133
6489 6744
6490 6308
6491 5877
6492 126
6493 31
6494 2682
6495 2514
6496 6587
6497 6674
6498 6351
6499 5697
6500 1399
6501 6678
6502 3161
6503 22
6504 3298
6505 1295
6506 112
6507 6248
6508 2917
6509 5096
6510 117
6511 2896
6512 107
6513 48
6514 60
6515 99
6516 164
6517 6298
6518 140
6519 75
6520 128
6521 224
6522 124
6523 6560
6524 123
6525 6336
6526 131
6527 112
6528 133
6529 6739
6530 115
6531 173
6532 134
6533 128
6534 97
6535 117
6536 97
6537 3362
6538 44
6539 103
6540 121
6541 108
6542 6656
6543 6213
6544 107
6545 104
6546 100
6547 6724
6548 5724
6549 103
6550 103
6551 104
6552 6140
6553 6660
6554 6800
6555 6807
6556 3771
6557 111
6558 114
6559 116
6560 108
6561 108
6562 107
6563 5860
6564 101
6565 101
6566 102
6567 131
6568 6823
6569 6336
6570 129
6571 6107
6572 122
6573 128
6574 129
6575 122
6576 2736
6577 2741
6578 6752
6579 6350
6580 2515
6581 6755
6582 5790
6583 1449
6584 7
6585 6759
6586 3405
6587 23
6588 128
6589 6566
6590 6825
6591 131
6592 88
6593 8
6594 1
6595 3915
6596 21
6597 161
6598 144
6599 133
6600 129
6601 133
6602 70
6603 125
6604 227
6605 128
6606 6788
6607 125
6608 125
6609 110
6610 121
6611 142
6612 116
6613 121
6614 129
6615 103
6616 116
6617 163
6618 142
6619 5728
6620 120
6621 36
6622 12
6623 23
6624 97
6625 125
6626 111
6627 118
6628 6227
6629 121
6630 5778
6631 109
6632 6734
6633 6638
6634 111
6635 107
6636 6891
6637 6816
6638 6893
6639 6644
6640 107
6641 106
6642 3771
6643 5140
6644 107
6645 109
6646 2622
6647 106
6648 105
6649 2013
6650 6550
6651 6568
6652 6829
6653 6338
6654 124
6655 119
6656 130
6657 136
6658 96
6659 6749
6660 3299
6661 17
6662 2
6663 2603
6664 1742
6665 5701
6666 4905
6667 5506
6668 2515
6669 12
6670 2216
6671 15
6672 21
6673 3280
6674 3820
6675 11
6676 65
6677 5408
6678 133
6679 6307
6680 4879
6681 54
6682 6
6683 29
6684 5979
6685 78
6686 163
6687 6911
6688 128
6689 130
6690 79
6691 120
6692 213
6693 137
6694 5784
6695 133
6696 6827
6697 125
6698 124
6699 6637
6700 113
6701 99
6702 111
6703 170
6704 118
6705 110
6706 123
6707 60
6708 12
6709 5173
6710 123
6711 6295
6712 125
6713 119
6714 141
6715 130
6716 6863
6717 6551
6718 118
6719 117
6720 124
6721 6656
6722 118
6723 5881
6724 6863
6725 126
6726 124
6727 122
6728 120
6729 119
6730 6618
6731 6064
6732 6981
6733 5874
6734 120
6735 115
6736 6715
6737 6298
6738 5877
6739 5229
6740 6557
6741 6322
6742 6416
6743 109
6744 51
6745 0
6746 3227
6747 2743
6748 13
6749 6
6750 5887
6751 5336
6752 6923
6753 2671
6754 6926
6755 2953
6756 1924
6757 3102
6758 89
6759 139
6760 124
6761 6224
6762 6065
6763 148
6764 2949
6765 47
6766 106
6767 20
6768 130
6769 151
6770 135
6771 122
6772 124
6773 132
6774 71
6775 113
6776 228
6777 6826
6778 126
6779 125
6780 6426
6781 125
6782 6225
6783 5882
6784 6976
6785 130
6786 105
6787 177
6788 125
6789 121
6790 125
6791 17
6792 4
6793 5608
6794 134
6795 122
6796 126
6797 113
6798 6339
6799 6560
6800 6568
6801 121
6802 6222
6803 131
6804 129
6805 7060
6806 6338
6807 6829
6808 6974
6809 115
6810 6638
6811 6739
6812 109
6813 110
6814 108
6815 6901
6816 6659
6817 109
6818 116
6819 6335
6820 5905
6821 6418
6822 6535
6823 140
6824 4782
6825 134
6826 6398
6827 112
6828 61
6829 5796
6830 1396
6831 2825
6832 1805
6833 3286
6834 3286
6835 7008
6836 6925
6837 4247
6838 1564
6839 2593
6840 29
6841 124
6842 145
6843 648
6844 145
6845 149
6846 133
6847 34
6848 0
6849 67
6850 76
6851 42
6852 169
6853 1151
6854 6577
6855 135
6856 70
6857 107
6858 224
6859 123
6860 137
6861 142
6862 134
6863 6385
6864 132
6865 6475
6866 6495
6867 142
6868 7037
6869 129
6870 168
6871 145
6872 140
6873 67
6874 21
6875 3
6876 58
6877 148
6878 127
6879 3268
6880 6419
6881 6855
6882 125
6883 127
6884 5878
6885 122
6886 5878
6887 124
6888 7057
6889 120
6890 121
6891 121
6892 5312
6893 7034
6894 5410
6895 115
6896 113
6897 5185
6898 6900
6899 6645
6900 6717
6901 129
6902 134
6903 5304
6904 6248
6905 6059
6906 147
6907 4961
6908 138
6909 134
6910 6324
6911 137
6912 94
6913 62
6914 2555
6915 2815
6916 6504
6917 3156
6918 3096
6919 7091
6920 6926
6921 3859
6922 22
6923 2807
6924 43
6925 146
6926 7161
6927 4956
6928 150
6929 113
6930 2896
6931 109
6932 52
6933 108
6934 161
6935 6252
6936 6823
6937 140
6938 93
6939 113
6940 184
6941 123
6942 2156
6943 139
6944 141
6945 6322
6946 138
6947 6246
6948 137
6949 139
6950 5401
6951 147
6952 109
6953 126
6954 186
6955 7051
6956 6514
6957 42
6958 6246
6959 134
6960 6995
6961 138
6962 136
6963 7060
6964 6489
6965 6553
6966 129
6967 5312
6968 6829
6969 6297
6970 6418
6971 6559
6972 6225
6973 126
6974 6983
6975 122
6976 6562
6977 6944
6978 135
6979 5145
6980 6428
6981 6315
6982 151
6983 139
6984 2981
6985 139
6986 6550
6987 135
6988 151
6989 123
6990 4178
6991 23
6992 11
6993 22
6994 4249
6995 1504
6996 3476
6997 7175
6998 3663
6999 2886
7000 1680
7001 11
7002 63
7003 149
7004 6550
7005 130
7006 7034
7007 129
7008 67
7009 1627
7010 113
7011 29
7012 152
7013 137
7014 6657
7015 115
7016 122
7017 6273
7018 131
7019 5189
7020 7120
7021 6912
7022 5101
7023 136
7024 6422
7025 6225
7026 5304
7027 6416
7028 99
7029 134
7030 161
7031 139
7032 41
7033 4806
7034 74
7035 138
7036 148
7037 5096
7038 132
7039 141
7040 142
7041 6296
7042 132
7043 134
7044 130
7045 122
7046 6064
7047 6863
7048 128
7049 127
7050 5410
7051 120
7052 120
7053 6219
7054 117
7055 5784
7056 2400
7057 6573
7058 7016
7059 6334
7060 6332
7061 6329
7062 7204
7063 7200
7064 7215
7065 6845
7066 5396
7067 151
7068 141
7069 32
7070 15
7071 3721
7072 1450
7073 4809
7074 2590
7075 2591
7076 7253
7077 5599
7078 15
7079 1621
7080 97
7081 7292
7082 4042
7083 6415
7084 3043
7085 6
7086 51
7087 118
7088 50
7089 160
7090 3702
7091 142
7092 127
7093 145
7094 129
7095 6396
7096 122
7097 7345
7098 6492
7099 7203
7100 5145
7101 133
7102 7304
7103 5459
7104 6425
7105 136
7106 91
7107 1968
7108 99
7109 5
7110 27
7111 6632
7112 5012
7113 5973
7114 6445
7115 6308
7116 6981
7117 122
7118 6715
7119 123
7120 117
7121 116
7122 118
7123 115
7124 107
7125 5777
7126 7152
7127 6891
7128 112
7129 5138
7130 6816
7131 113
7132 6641
7133 116
7134 119
7135 5304
7136 6445
7137 6321
7138 135
7139 128
7140 5396
7141 6966
7142 129
7143 6398
7144 136
7145 123
7146 28
7147 12
7148 3803
7149 7004
7150 6351
7151 2669
7152 1691
7153 7332
7154 1294
7155 5506
7156 31
7157 133
7158 142
7159 3268
7160 6060
7161 148
7162 137
7163 43
7164 56
7165 155
7166 179
7167 123
7168 157
7169 142
7170 2228
7171 130
7172 142
7173 6323
7174 142
7175 131
7176 6853
7177 149
7178 154
7179 146
7180 5884
7181 3269
7182 137
7183 6744
7184 121
7185 143
7186 124
7187 139
7188 134
7189 135
7190 93
7191 2909
7192 85
7193 148
7194 231
7195 140
7196 6601
7197 7451
7198 130
7199 6339
7200 7357
7201 121
7202 117
7203 6309
7204 131
7205 5410
7206 6966
7207 112
7208 115
7209 117
7210 119
7211 6220
7212 5976
7213 119
7214 6890
7215 7380
7216 117
7217 7151
7218 114
7219 6414
7220 7391
7221 7438
7222 131
7223 7430
7224 128
7225 137
7226 7200
7227 135
7228 6245
7229 107
7230 24
7231 2152
7232 43
7233 2953
7234 6258
7235 2666
7236 3860
7237 2886
7238 7009
7239 3663
7240 3859
7241 2368
7242 35
7243 150
7244 7398
7245 7483
7246 6246
7247 116
7248 12
7249 54
7250 188
7251 208
7252 153
7253 130
7254 115
7255 160
7256 124
7257 3268
7258 5632
7259 133
7260 6245
7261 7350
7262 150
7263 145
7264 6415
7265 5189
7266 5101
7267 134
7268 147
7269 132
7270 140
7271 5236
7272 7357
7273 103
7274 200
7275 145
7276 75
7277 63
7278 56
7279 157
7280 125
7281 7200
7282 122
7283 118
7284 7478
7285 6375
7286 6985
7287 127
7288 123
7289 5139
7290 6641
7291 7068
7292 115
7293 7307
7294 116
7295 7464
7296 121
7297 6910
7298 119
7299 124
7300 7543
7301 5411
7302 6247
7303 7077
7304 6496
7305 6327
7306 136
7307 7199
7308 7164
7309 4969
7310 154
7311 112
7312 2214
7313 20
7314 62
7315 7486
7316 4383
7317 3361
7318 8
7319 6927
7320 3730
7321 2960
7322 3727
7323 2743
7324 23
7325 3
7326 81
7327 163
7328 6555
7329 134
7330 1150
7331 161
7332 100
7333 1340
7334 122
7335 70
7336 89
7337 147
7338 129
7339 135
7340 3268
7341 7215
7342 7035
7343 136
7344 6418
7345 133
7346 6989
7347 118
7348 7028
7349 135
7350 131
7351 7016
7352 6064
7353 127
7354 131
7355 136
7356 130
7357 120
7358 2600
7359 25
7360 1
7361 33
7362 104
7363 5305
7364 127
7365 124
7366 5139
7367 119
7368 120
7369 5412
7370 6226
7371 7045
7372 3769
7373 4884
7374 7231
7375 6984
7376 4884
7377 124
7378 126
7379 141
7380 5189
7381 6414
7382 7278
7383 6829
7384 131
7385 7158
7386 141
7387 144
7388 146
7389 7636
7390 3334
7391 6496
7392 1968
7393 103
7394 2963
7395 19
7396 61
7397 33
7398 2824
7399 3987
7400 4447
7401 3284
7402 5332
7403 2668
7404 13
7405 1621
7406 6
7407 93
7408 7479
7409 133
7410 6316
7411 150
7412 75
7413 4054
7414 2319
7415 100
7416 5648
7417 5973
7418 7394
7419 127
7420 6985
7421 6981
7422 131
7423 7443
7424 5827
7425 136
7426 6326
7427 6385
7428 5460
7429 3268
7430 7438
7431 132
7432 131
7433 6829
7434 120
7435 59
7436 4407
7437 73
7438 7146
7439 120
7440 3769
7441 6642
7442 6658
7443 6737
7444 117
7445 7146
7446 6657
7447 6656
7448 115
7449 6572
7450 122
7451 7231
7452 121
7453 2622
7454 112
7455 7147
7456 5874
7457 6297
7458 7158
7459 7217
7460 7444
7461 6375
7462 7138
7463 6823
7464 130
7465 7595
7466 140
7467 91
7468 2670
7469 17
7470 56
7471 44
7472 43
7473 16
7474 6925
7475 2216
7476 1344
7477 2531
7478 3481
7479 3727
7480 13
7481 25
7482 3211
7483 32
7484 116
7485 5413
7486 5881
7487 6296
7488 133
7489 41
7490 4
7491 33
7492 122
7493 61
7494 134
7495 150
7496 137
7497 126
7498 7357
7499 117
7500 7612
7501 119
7502 118
7503 112
7504 6868
7505 115
7506 128
7507 7595
7508 6327
7509 6298
7510 7274
7511 4686
7512 7675
7513 7387
7514 6983
7515 118
7516 107
7517 23
7518 6
7519 39
7520 101
7521 7307
7522 6419
7523 6560
7524 6220
7525 7708
7526 113
7527 7554
7528 120
7529 5778
7530 114
7531 6012
7532 113
7533 7151
7534 5955
7535 96
7536 100
7537 94
7538 90
7539 2008
7540 76
7541 67
7542 63
7543 7700
7544 7143
7545 115
7546 6110
7547 6868
7548 120
7549 123
7550 5312
7551 7035
7552 6245
7553 81
7554 3216
7555 47
7556 50
7557 57
7558 4322
7559 3431
7560 3791
7561 3622
7562 7731
7563 3410
7564 4055
7565 3472
7566 56
7567 119
7568 105
7569 7801
7570 99
7571 103
7572 6891
7573 9
7574 4
7575 1756
7576 40
7577 103
7578 83
7579 89
7580 93
7581 103
7582 96
7583 88
7584 108
7585 103
7586 109
7587 7065
7588 6985
7589 116
7590 7199
7591 7200
7592 6844
7593 7766
7594 7059
7595 6826
7596 7804
7597 7688
7598 126
7599 144
7600 66
7601 5
7602 17
7603 78
7604 132
7605 7458
7606 3769
7607 5227
7608 110
7609 111
7610 111
7611 6975
7612 7044
7613 6641
7614 6634
7615 7455
7616 7606
7617 5138
7618 7375
7619 6739
7620 6720
7621 100
7622 96
7623 7704
7624 7057
7625 6642
7626 123
7627 6856
7628 6934
7629 5188
7630 7234
7631 5126
7632 76
7633 3563
7634 14
7635 34
7636 48
7637 62
7638 41
7639 34
7640 23
7641 7660
7642 3472
7643 6266
7644 3986
7645 3411
7646 3246
7647 13
7648 2817
7649 105
7650 138
7651 7060
7652 6308
7653 6552
7654 105
7655 1864
7656 74
7657 74
7658 57
7659 103
7660 82
7661 105
7662 7700
7663 119
7664 6566
7665 7147
7666 7687
7667 7116
7668 137
7669 3267
7670 6492
7671 7199
7672 6482
7673 6422
7674 7640
7675 6428
7676 6323
7677 145
7678 138
7679 153
7680 111
7681 2218
7682 48
7683 7594
7684 138
7685 2400
7686 5971
7687 120
7688 6206
7689 6223
7690 7538
7691 7310
7692 123
7693 6813
7694 6883
7695 5874
7696 7630
7697 5776
7698 7802
7699 5609
7700 6555
7701 7059
7702 7139
7703 7234
7704 5971
7705 6476
7706 6330
7707 138
7708 4644
7709 69
7710 2816
7711 15
7712 23
7713 45
7714 60
7715 54
7716 48
7717 37
7718 2952
7719 7819
7720 3603
7721 10
7722 3411
7723 1292
7724 0
7725 1453
7726 103
7727 6644
7728 96
7729 103
7730 81
7731 83
7732 97
7733 59
7734 0
7735 13
7736 103
7737 63
7738 88
7739 5775
7740 6560
7741 6658
7742 123
7743 107
7744 97
7745 6047
7746 99
7747 110
7748 7231
7749 6567
7750 7274
7751 6069
7752 145
7753 5302
7754 5303
7755 138
7756 142
7757 6316
7758 133
7759 5301
7760 6327
7761 47
7762 3550
7763 94
7764 4872
7765 6386
7766 4958
7767 128
7768 7376
7769 7027
7770 7230
7771 6565
7772 6567
7773 7639
7774 6418
7775 5382
7776 7599
7777 7553
7778 7466
7779 123
7780 2401
7781 7146
7782 7313
7783 6573
7784 6339
7785 7261
7786 127
7787 5102
7788 61
7789 18
7790 24
7791 2591
7792 44
7793 60
7794 60
7795 55
7796 49
7797 43
7798 36
7799 27
7800 7334
7801 2958
7802 3987
7803 4195
7804 3083
7805 43
7806 6734
7807 111
7808 99
7809 102
7810 5235
7811 132
7812 56
7813 3550
7814 114
7815 37
7816 5728
7817 7347
7818 122
7819 114
7820 108
7821 5139
7822 5861
7823 2460
7824 5814
7825 149
7826 7465
7827 5413
7828 6324
7829 5395
7830 143
7831 1094
7832 3334
7833 1968
7834 135
7835 6320
7836 7413
7837 93
7838 1622
7839 49
7840 7761
7841 6289
7842 7027
7843 6220
7844 114
7845 7804
7846 2176
7847 5312
7848 7706
7849 7624
7850 6657
7851 6250
7852 5055
7853 7804
7854 7466
7855 4975
7856 120
7857 6642
7858 7554
7859 6335
7860 7687
7861 7310
7862 2917
7863 7261
7864 2917
7865 147
7866 55
7867 16
7868 25
7869 2292
7870 8048
7871 60
7872 57
7873 2766
7874 58
7875 48
7876 27
7877 4519
7878 3727
7879 4185
7880 31
7881 65
7882 110
7883 6953
7884 7706
7885 116
7886 5054
7887 2753
7888 21
7889 131
7890 42
7891 6016
7892 127
7893 102
7894 118
7895 6489
7896 124
7897 7296
7898 7454
7899 7307
7900 123
7901 116
7902 5876
7903 6824
7904 7165
7905 138
7906 122
7907 6245
7908 5227
7909 5230
7910 6869
7911 6550
7912 141
7913 131
7914 2539
7915 22
7916 1866
7917 132
7918 6982
7919 122
7920 6224
7921 105
7922 5976
7923 7389
7924 5410
7925 111
7926 7757
7927 2310
7928 6739
7929 5055
7930 6242
7931 5227
7932 7875
7933 108
7934 7057
7935 125
7936 7681
7937 7601
7938 121
7939 6297
7940 7688
7941 7037
7942 7291
7943 137
7944 53
7945 25
7946 21
7947 28
7948 17
7949 41
7950 57
7951 62
7952 61
7953 47
7954 65
7955 41
7956 104
7957 34
7958 4515
7959 3622
7960 11
7961 27
7962 47
7963 62
7964 6032
7965 77
7966 142
7967 7045
7968 7050
7969 6701
7970 108
7971 48
7972 40
7973 33
7974 105
7975 60
7976 132
7977 110
7978 6801
7979 114
7980 130
7981 7472
7982 7141
7983 7456
7984 118
7985 119
7986 121
7987 7543
7988 7753
7989 4686
7990 140
7991 152
7992 4886
7993 124
7994 137
7995 129
7996 145
7997 6324
7998 6117
7999 128
8000 111
8001 136
8002 6176
8003 31
8004 7458
8005 122
8006 8232
8007 6227
8008 123
8009 5880
8010 2297
8011 6699
8012 6309
8013 8242
8014 7454
8015 6981
8016 114
8017 102
8018 116
8019 105
8020 6207
8021 108
8022 106
8023 3770
8024 7304
8025 132
8026 5303
8027 6550
8028 132
8029 144
8030 5305
8031 5408
8032 7643
8033 146
8034 127
8035 42
8036 4524
8037 27
8038 13
8039 36
8040 58
8041 55
8042 2392
8043 54
8044 58
8045 113
8046 41
8047 2738
8048 8134
8049 25
8050 44
8051 61
8052 64
8053 54
8054 96
8055 144
8056 5230
8057 6788
8058 129
8059 5718
8060 44
8061 44
8062 82
8063 85
8064 68
8065 2600
8066 7543
8067 132
8068 143
8069 6338
8070 126
8071 7595
8072 144
8073 6415
8074 6323
8075 7164
8076 6781
8077 7720
8078 141
8079 8011
8080 7279
8081 7294
8082 7215
8083 140
8084 127
8085 6968
8086 138
8087 108
8088 75
8089 157
8090 222
8091 164
8092 136
8093 119
8094 6225
8095 129
8096 7552
8097 122
8098 7788
8099 6567
8100 6063
8101 6223
8102 7039
8103 7543
8104 7697
8105 129
8106 124
8107 7394
8108 6118
8109 6564
8110 6225
8111 7143
8112 124
8113 131
8114 8340
8115 8035
8116 7633
8117 6567
8118 122
8119 35
8120 23
8121 6052
8122 4689
8123 3736
8124 50
8125 33
8126 40
8127 2154
8128 46
8129 3563
8130 2668
8131 23
8132 24
8133 3801
8134 60
8135 58
8136 52
8137 116
8138 7217
8139 7611
8140 4886
8141 114
8142 85
8143 70
8144 161
8145 206
8146 153
8147 87
8148 7601
8149 8369
8150 7274
8151 6565
8152 6975
8153 5872
8154 7605
8155 6225
8156 6298
8157 6968
8158 7554
8159 7034
8160 5728
8161 131
8162 121
8163 7720
8164 6375
8165 6702
8166 6560
8167 129
8168 114
8169 5946
8170 227
8171 183
8172 6377
8173 7605
8174 6971
8175 8349
8176 126
8177 6224
8178 8243
8179 7016
8180 119
8181 6656
8182 7376
8183 113
8184 127
8185 6206
8186 106
8187 6715
8188 5880
8189 6639
8190 6658
8191 6654
8192 114
8193 101
8194 112
8195 6990
8196 103
8197 97
8198 7824
8199 126
8200 34
8201 30
8202 36
8203 37
8204 3280
8205 53
8206 61
8207 52
8208 34
8209 34
8210 110
8211 133
8212 48
8213 19
8214 27
8215 2971
8216 33
8217 3863
8218 34
8219 57
8220 53
8221 59
8222 4686
8223 6492
8224 125
8225 134
8226 3703
8227 82
8228 56
8229 205
8230 219
8231 235
8232 160
8233 117
8234 114
8235 3111
8236 120
8237 125
8238 6715
8239 6567
8240 5230
8241 6426
8242 6564
8243 7704
8244 116
8245 2985
8246 5874
8247 6868
8248 6065
8249 5466
8250 7805
8251 108
8252 6934
8253 146
8254 126
8255 7695
8256 100
8257 85
8258 128
8259 177
8260 6961
8261 105
8262 118
8263 6816
8264 99
8265 115
8266 115
8267 6903
8268 103
8269 6139
8270 6216
8271 114
8272 6645
8273 4972
8274 6230
8275 6199
8276 8499
8277 111
8278 94
8279 7066
8280 6110
8281 6658
8282 8275
8283 124
8284 7357
8285 116
8286 7073
8287 7138
8288 31
8289 34
8290 40
8291 43
8292 3537
8293 48
8294 64
8295 53
8296 8458
8297 128
8298 141
8299 52
8300 24
8301 37
8302 26
8303 27
8304 3802
8305 25
8306 32
8307 50
8308 61
8309 83
8310 151
8311 131
8312 143
8313 141
8314 120
8315 5872
8316 143
8317 76
8318 75
8319 255
8320 255
8321 237
8322 132
8323 7305
8324 132
8325 6107
8326 5783
8327 6065
8328 6971
8329 8139
8330 6778
8331 6868
8332 7457
8333 7141
8334 126
8335 7389
8336 6058
8337 122
8338 6386
8339 135
8340 119
8341 140
8342 146
8343 154
8344 127
8345 117
8346 142
8347 124
8348 77
8349 100
8350 213
8351 133
8352 8240
8353 6418
8354 123
8355 7761
8356 8600
8357 8527
8358 108
8359 7550
8360 111
8361 6897
8362 108
8363 6230
8364 115
8365 121
8366 7704
8367 8361
8368 6716
8369 2695
8370 7061
8371 6823
8372 123
8373 114
8374 5971
8375 6323
8376 6322
8377 5396
8378 124
8379 24
8380 31
8381 35
8382 46
8383 32
8384 16
8385 41
8386 60
8387 49
8388 38
8389 48
8390 134
8391 146
8392 57
8393 33
8394 44
8395 33
8396 29
8397 8464
8398 6052
8399 2083
8400 107
8401 149
8402 126
8403 5971
8404 112
8405 7035
8406 126
8407 64
8408 65
8409 174
8410 223
8411 158
8412 4793
8413 7720
8414 8340
8415 7460
8416 128
8417 8339
8418 8241
8419 7016
8420 126
8421 6620
8422 7228
8423 8103
8424 6220
8425 118
8426 7305
8427 7620
8428 3769
8429 6222
8430 6971
8431 111
8432 6778
8433 3818
8434 4020
8435 104
8436 116
8437 95
8438 8074
8439 106
8440 6890
8441 6805
8442 95
8443 94
8444 106
8445 114
8446 107
8447 6820
8448 6820
8449 6212
8450 8541
8451 6215
8452 7755
8453 6823
8454 4969
8455 3701
8456 6414
8457 8173
8458 7688
8459 6552
8460 7444
8461 6296
8462 126
8463 3087
8464 29
8465 48
8466 44
8467 17
8468 31
8469 55
8470 5733
8471 61
8472 130
8473 145
8474 59
8475 8644
8476 37
8477 27
8478 1392
8479 6146
8480 30
8481 56
8482 5381
8483 6223
8484 130
8485 8660
8486 141
8487 106
8488 43
8489 108
8490 216
8491 239
8492 133
8493 8326
8494 6778
8495 6063
8496 135
8497 6563
8498 142
8499 6971
8500 132
8501 7686
8502 136
8503 6560
8504 6566
8505 7044
8506 7051
8507 6823
8508 126
8509 129
8510 7379
8511 98
8512 101
8513 108
8514 102
8515 110
8516 120
8517 109
8518 105
8519 8701
8520 55
8521 110
8522 205
8523 138
8524 2747
8525 113
8526 6289
8527 6214
8528 114
8529 1997
8530 8278
8531 6716
8532 5802
8533 97
8534 95
8535 5765
8536 84
8537 4757
8538 5571
8539 133
8540 8112
8541 7413
8542 147
8543 141
8544 6307
8545 6971
8546 7625
8547 7543
8548 7147
8549 131
8550 133
8551 28
8552 33
8553 28
8554 50
8555 51
8556 17
8557 23
8558 5940
8559 42
8560 70
8561 124
8562 141
8563 56
8564 37
8565 50
8566 3998
8567 19
8568 8376
8569 26
8570 1817
8571 2400
8572 6883
8573 8752
8574 8090
8575 106
8576 30
8577 126
8578 239
8579 195
8580 7764
8581 6634
8582 8362
8583 6694
8584 6971
8585 6638
8586 125
8587 7300
8588 6710
8589 3111
8590 8242
8591 7620
8592 132
8593 145
8594 8175
8595 8596
8596 126
8597 128
8598 120
8599 6248
8600 8628
8601 7466
8602 117
8603 8590
8604 98
8605 60
8606 191
8607 156
8608 110
8609 126
8610 102
8611 126
8612 7771
8613 103
8614 6911
8615 8500
8616 6567
8617 8522
8618 6807
8619 105
8620 110
8621 7758
8622 6206
8623 133
8624 2985
8625 6654
8626 3111
8627 7377
8628 8764
8629 8353
8630 7759
8631 4974
8632 4975
8633 8175
8634 141
8635 4188
8636 24
8637 39
8638 61
8639 36
8640 17
8641 37
8642 33
8643 37
8644 5466
8645 145
8646 81
8647 41
8648 44
8649 2224
8650 6759
8651 6964
8652 16
8653 33
8654 5413
8655 7304
8656 6473
8657 8281
8658 92
8659 39
8660 147
8661 249
8662 183
8663 6954
8664 104
8665 8553
8666 133
8667 130
8668 140
8669 7428
8670 145
8671 6620
8672 5877
8673 8112
8674 120
8675 6567
8676 7139
8677 6823
8678 6560
8679 134
8680 6556
8681 139
8682 8008
8683 132
8684 4885
8685 8801
8686 116
8687 7604
8688 131
8689 65
8690 126
8691 202
8692 7633
8693 6710
8694 123
8695 106
8696 95
8697 103
8698 4885
8699 7675
8700 105
8701 6709
8702 5780
8703 104
8704 117
8705 100
8706 103
8707 7138
8708 7052
8709 106
8710 6778
8711 137
8712 6226
8713 125
8714 6475
8715 127
8716 8629
8717 7076
8718 8332
8719 122
8720 23
8721 3929
8722 36
8723 61
8724 44
8725 27
8726 42
8727 33
8728 46
8729 2306
8730 139
8731 84
8732 43
8733 65
8734 61
8735 48
8736 47
8737 7895
8738 2753
8739 24
8740 101
8741 7756
8742 6990
8743 8691
8744 62
8745 47
8746 171
8747 248
8748 151
8749 104
8750 112
8751 8076
8752 112
8753 3113
8754 107
8755 8349
8756 7430
8757 6566
8758 8610
8759 7271
8760 128
8761 6982
8762 7035
8763 8578
8764 7045
8765 8139
8766 6063
8767 7060
8768 7757
8769 117
8770 4885
8771 132
8772 118
8773 102
8774 128
8775 90
8776 76
8777 195
8778 142
8779 113
8780 9010
8781 7143
8782 8613
8783 8100
8784 123
8785 7070
8786 8961
8787 5670
8788 110
8789 8784
8790 7052
8791 8521
8792 6717
8793 6708
8794 115
8795 110
8796 119
8797 6310
8798 8492
8799 5874
8800 2401
8801 5138
8802 6156
8803 20
8804 36
8805 20
8806 29
8807 56
8808 3997
8809 42
8810 38
8811 73
8812 128
8813 145
8814 135
8815 89
8816 36
8817 70
8818 71
8819 2762
8820 7533
8821 56
8822 31
8823 21
8824 87
8825 132
8826 7377
8827 127
8828 6647
8829 104
8830 5811
8831 3179
8832 123
8833 100
8834 122
8835 8489
8836 115
8837 8436
8838 107
8839 112
8840 8152
8841 7371
8842 8621
8843 8858
8844 7451
8845 5408
8846 4962
8847 141
8848 133
8849 8194
8850 8314
8851 7740
8852 4886
8853 7215
8854 7057
8855 7555
8856 2626
8857 134
8858 6711
8859 4946
8860 7463
8861 8361
8862 7158
8863 7300
8864 7706
8865 119
8866 104
8867 94
8868 105
8869 6206
8870 8769
8871 115
8872 100
8873 9008
8874 6800
8875 102
8876 7801
8877 8541
8878 8700
8879 8842
8880 6844
8881 8102
8882 7543
8883 6228
8884 2298
8885 4061
8886 22
8887 21
8888 2544
8889 45
8890 36
8891 53
8892 111
8893 137
8894 7259
8895 95
8896 20
8897 5590
8898 64
8899 2689
8900 61
8901 2769
8902 20
8903 89
8904 126
8905 9092
8906 7222
8907 6870
8908 34
8909 98
8910 3116
8911 6641
8912 137
8913 8005
8914 4686
8915 7607
8916 8250
8917 8035
8918 7457
8919 116
8920 8112
8921 7700
8922 8042
8923 4881
8924 7740
8925 134
8926 8799
8927 8805
8928 6322
8929 3267
8930 134
8931 7943
8932 8784
8933 7442
8934 120
8935 71
8936 100
8937 209
8938 6375
8939 127
8940 8194
8941 7261
8942 7395
8943 127
8944 6228
8945 8962
8946 7706
8947 125
8948 7824
8949 105
8950 7624
8951 7057
8952 118
8953 8922
8954 8684
8955 7146
8956 6572
8957 7543
8958 6564
8959 6968
8960 116
8961 125
8962 138
8963 89
8964 29
8965 8980
8966 17
8967 32
8968 54
8969 51
8970 36
8971 69
8972 7299
8973 131
8974 125
8975 101
8976 9
8977 46
8978 59
8979 59
8980 2163
8981 35
8982 8291
8983 16
8984 8520
8985 8240
8986 115
8987 139
8988 135
8989 90
8990 38
8991 124
8992 234
8993 211
8994 5413
8995 8748
8996 7222
8997 6984
8998 7037
8999 5827
9000 9090
9001 6572
9002 7758
9003 109
9004 94
9005 6242
9006 7057
9007 113
9008 8277
9009 7301
9010 6934
9011 6489
9012 4686
9013 6619
9014 6386
9015 2625
9016 7472
9017 132
9018 8522
9019 58
9020 172
9021 179
9022 119
9023 110
9024 6699
9025 2400
9026 127
9027 7202
9028 4887
9029 8261
9030 6817
9031 2322
9032 5403
9033 124
9034 108
9035 115
9036 7148
9037 8517
9038 7465
9039 9090
9040 2985
9041 7675
9042 5778
9043 111
9044 8618
9045 128
9046 148
9047 81
9048 26
9049 9145
9050 1686
9051 5843
9052 42
9053 73
9054 129
9055 9035
9056 6796
9057 3291
9058 43
9059 55
9060 6032
9061 43
9062 4146
9063 23
9064 110
9065 6290
9066 9289
9067 133
9068 122
9069 1944
9070 152
9071 245
9072 187
9073 6418
9074 2625
9075 7037
9076 7138
9077 6296
9078 6632
9079 6107
9080 6563
9081 7373
9082 8616
9083 9052
9084 6548
9085 6565
9086 119
9087 6739
9088 8837
9089 8842
9090 2176
9091 7027
9092 6699
9093 122
9094 111
9095 8102
9096 73
9097 105
9098 204
9099 126
9100 6012
9101 8858
9102 7142
9103 7037
9104 5226
9105 125
9106 104
9107 8953
9108 8424
9109 6814
9110 5801
9111 6903
9112 109
9113 95
9114 6231
9115 8418
9116 2976
9117 120
9118 129
9119 5227
9120 8349
9121 7687
9122 138
9123 149
9124 73
9125 22
9126 3435
9127 28
9128 13
9129 5961
9130 8218
9131 8618
9132 5143
9133 112
9134 16
9135 1632
9136 49
9137 70
9138 72
9139 70
9140 65
9141 30
9142 40
9143 108
9144 8035
9145 126
9146 7554
9147 117
9148 50
9149 69
9150 176
9151 253
9152 159
9153 6981
9154 119
9155 7387
9156 124
9157 7158
9158 131
9159 7469
9160 8764
9161 7261
9162 7144
9163 7708
9164 120
9165 130
9166 8922
9167 6064
9168 7688
9169 5185
9170 7804
9171 6814
9172 7059
9173 3769
9174 6572
9175 6981
9176 117
9177 7208
9178 2173
9179 65
9180 183
9181 166
9182 123
9183 93
9184 1942
9185 6734
9186 6801
9187 6722
9188 6228
9189 7759
9190 4884
9191 8517
9192 127
9193 6220
9194 6896
9195 6565
9196 5905
9197 8246
9198 4968
9199 6856
9200 2625
9201 128
9202 149
9203 159
9204 5570
9205 136
9206 70
9207 21
9208 46
9209 8648
9210 7
9211 31
9212 37
9213 48
9214 49
9215 93
9216 6222
9217 141
9218 115
9219 3724
9220 9220
9221 64
9222 72
9223 73
9224 63
9225 21
9226 51
9227 96
9228 122
9229 8771
9230 8795
9231 124
9232 39
9233 78
9234 183
9235 250
9236 6118
9237 9350
9238 2461
9239 99
9240 5137
9241 106
9242 103
9243 6882
9244 8764
9245 1997
9246 9290
9247 123
9248 7387
9249 7629
9250 5881
9251 8553
9252 4883
9253 6416
9254 6638
9255 132
9256 9373
9257 6951
9258 7801
9259 112
9260 112
9261 96
9262 6634
9263 3310
9264 141
9265 207
9266 6246
9267 1940
9268 6109
9269 9025
9270 129
9271 7384
9272 98
9273 6882
9274 2977
9275 5017
9276 135
9277 109
9278 7380
9279 5381
9280 126
